1.001558008267377176e+00 9.070297529027441241e-01 3.440183407660840631e-02 2.666696347424499930e-02 8.075918311425934158e-04 2.522028077722010889e-02 1.333877232203773051e-05
8.207752245084798393e-01 6.101327353625281003e-01 8.255181999450493177e-03 5.683131548745480599e-03 3.885893066263604675e-05 4.296952546358492019e-03 -2.291866028803261711e-06
1.152748522969851308e+00 1.239532311018224586e+00 2.894849523821502180e-02 2.611184439636681995e-02 7.179084019913750409e-04 2.906247222645996428e-02 -8.215541603061554503e-07
1.296334962936492197e+00 1.591723317563311868e+00 5.915375989887092928e-03 5.356616410194702665e-03 3.015199268734865289e-05 6.756505432447022091e-03 -2.144022722537581509e-07
1.066504936151977834e+00 1.070957381088529115e+00 2.389134371240229752e-03 1.902543716275188496e-03 4.054650528149449239e-06 1.938237439555203206e-03 -1.130789284270329638e-07
1.407365773464464009e+00 1.862895430217180071e+00 9.047077504114350854e-02 7.695324481311027753e-02 6.420342476260412941e-03 1.043415553881270885e-01 8.308963351042158822e-05
1.732460826250954433e+00 2.887154059881611889e+00 4.750164548370824739e-03 2.765516195575984642e-03 9.922168683439165892e-06 4.272214744525320608e-03 1.421537882423631514e-06
1.210428250369592229e+00 1.395520582314090596e+00 8.525583878836133847e-03 6.978711496001318432e-03 5.382134795720671354e-05 8.132757298820843944e-03 -9.689085713734017855e-07
1.024664912465072630e+00 9.845049547051476502e-01 7.612719184799294353e-03 6.135581988895039834e-03 4.193215408623241852e-05 6.067766407100959325e-03 -2.272530617964373529e-07
1.149686680443938513e+00 1.254456137240082869e+00 2.262584400749524487e-03 1.913478799660515896e-03 3.981416407886975231e-06 2.141721074687796388e-03 4.477595865669639527e-09
1.401611630878710990e+00 1.891339467841398392e+00 1.207320437346782929e-03 9.829415039274897771e-04 1.070593761894611732e-06 1.337958683848676457e-03 -2.030249556699161366e-08
1.167795041250433874e+00 1.295693054672841571e+00 2.133376662149339353e-04 1.500830812183062430e-04 2.673683434364374145e-08 1.542650611933326559e-04 2.520589092457650957e-09
7.940124984371932371e-01 5.585737873079413829e-01 1.223205282555267157e-02 7.780489467801542103e-03 7.576596052300086249e-05 5.640072097379213514e-03 -4.562249621249131476e-06
9.713811962026797087e-01 8.769155584302310569e-01 3.571742606592602683e-04 2.934121509230169247e-04 9.489962728083658573e-08 2.589021278902427030e-04 4.037582740618906289e-09
9.701199603491029722e-01 8.447954830931554415e-01 3.295270099006414322e-02 2.515865550297524678e-02 7.243071933069266614e-04 2.298053259753794764e-02 1.140716498662755788e-05
1.724745107138542899e+00 2.856464652257910242e+00 3.531204171365658062e-02 2.459311157901747369e-02 7.229128513359478437e-04 3.961781702646358094e-02 5.141627215761814841e-05
1.035158291525610119e+00 1.005735282874046455e+00 1.062588462644485383e-03 6.535732745943654328e-04 5.408831146269999695e-07 5.999339710903139325e-04 -6.401495454209734048e-08
9.189434749762901422e-01 7.743683579515081572e-01 1.523689996764788189e-02 9.929013967207528032e-03 1.217983343287849546e-04 8.310148339325617792e-03 -8.937646098860620121e-06
1.701525567732218303e+00 2.780139180891850526e+00 2.685374991894098548e-02 2.303854899604950920e-02 5.729757403121953172e-04 3.808700423800717716e-02 8.600583562934421079e-06
9.524629198992307089e-01 8.439511713435160489e-01 6.434916422486751039e-03 4.511267043295151546e-03 2.427485914466433165e-05 4.013835244660953275e-03 -1.236339550160389951e-06
9.751979406014166241e-01 8.692102392757458107e-01 1.598588362218825859e-02 1.202025169387283335e-02 1.665856474777192451e-04 1.109514412210550055e-02 3.594623914247814305e-06
1.320388610580014666e+00 1.671395975085138375e+00 1.294852216716330844e-03 1.137992403347055622e-03 1.381384761256366709e-06 1.471076687008559397e-03 6.278653789833644212e-09
1.367230758018681991e+00 1.771795286171438555e+00 1.584145113686345752e-02 1.130413372454143819e-02 1.510738376994823402e-04 1.463239392873303193e-02 7.705328813084732901e-06
1.053610968331254893e+00 1.043891138727014445e+00 1.058883656180667834e-02 7.992668302054483503e-03 7.348505390859617968e-05 7.947665672878747103e-03 -2.557160738620103014e-06
1.061378364507310934e+00 1.060343680166104363e+00 4.738432600075271478e-03 3.852369388006753048e-03 1.645914368269091075e-05 3.958956057367315345e-03 -4.997684891860154291e-08
9.032490814868416873e-01 7.448764841762255395e-01 1.774217435856863603e-02 1.142040907990562147e-02 1.621147614577750210e-04 9.390605629162633236e-03 -1.208491185529326698e-05
1.075455218075052954e+00 1.089246259877012291e+00 1.402936374351067804e-04 6.288624412987845673e-05 5.587802959971419287e-09 4.780963698679905081e-05 -1.914883198829933683e-09
1.169956686893045994e+00 1.299215231478519028e+00 1.885672209381792903e-04 1.517903712031265680e-04 2.566267738331253374e-08 1.716776171047408323e-04 9.501574013482332125e-10
1.496435568358621460e+00 2.151611644470585283e+00 4.961776696840592381e-03 4.427121682432761350e-03 2.074750112039076152e-05 6.389307219553816419e-03 -2.634124043727287880e-07
1.059831282907343519e+00 1.055791885273751785e+00 1.075249966575217561e-03 6.931018174874709493e-04 5.948372732441167010e-07 6.499957589120973359e-04 -6.467661266726215476e-08
1.168781374628207415e+00 1.294616183960820344e+00 1.909329475247175788e-03 1.725107935388906551e-03 3.130846712253781015e-06 1.956990279073736808e-03 -1.172024636523763635e-08
1.410980616964816248e+00 1.892689762514747409e+00 2.325583010113773524e-02 1.926736888042511822e-02 4.078215003072569378e-04 2.639473994779157479e-02 4.747368884705347901e-06
1.220206039832632650e+00 1.391585332093873362e+00 3.782973227797793714e-02 3.354778554097100074e-02 1.195116278184619411e-03 3.957469843418557481e-02 -3.854892157736651385e-06
1.145882537042681726e+00 1.226655450243358869e+00 1.372946729143575267e-02 1.252576962521323792e-02 1.642604389641739862e-04 1.386876551307299026e-02 -2.477778553217795717e-07
1.087074351388671811e+00 1.114924883465432615e+00 9.355893049829852592e-03 7.386862026150490743e-03 6.139625904953259093e-05 7.690629055656187166e-03 -1.254880827105212351e-06
1.033511647040148418e+00 1.002027102505087752e+00 4.196003249330766335e-03 3.210479119540275705e-03 1.177508045926323971e-05 3.135579233659144434e-03 -4.442006034701088816e-07
1.098729765898551536e+00 1.139345450288949735e+00 1.862798379850218915e-03 1.377448563536709568e-03 2.203751528488601963e-06 1.424957701435845521e-03 -1.092880291234755313e-07
8.039109045857981695e-01 5.757901115736978603e-01 1.214174254573914362e-02 7.275530832713561838e-03 6.808702718887871242e-05 5.207647201264622300e-03 -6.337421255670414090e-06
1.755180082582652235e+00 2.961862301800875397e+00 4.050588836904987083e-02 3.260347949128889616e-02 1.184343306363794387e-03 5.511743967393189364e-02 3.385812673004507788e-05
7.729271987517909448e-01 5.240039935483775668e-01 1.331507188522190743e-02 7.837878002301056427e-03 7.975856679883443407e-05 5.409927136595276895e-03 -7.054532006540353893e-06
9.135741710298094231e-01 7.706516217217367348e-01 8.995070744791245146e-03 6.618924038308939342e-03 5.105088060375120840e-05 5.704760477665315847e-03 -1.470728119251738398e-06
1.256479431895119570e+00 1.506835546996898811e+00 2.004103747484873178e-03 1.645472529232337245e-03 2.986959280462553300e-06 1.980531813675806638e-03 -8.278876854414232302e-08
1.280976592587012464e+00 1.534585344718343736e+00 3.677095162540210127e-02 2.827376623032192698e-02 9.112851078747457711e-04 3.453546154855954842e-02 2.577559970471605196e-05
1.254541050326862361e+00 1.486215979318489477e+00 8.204076323706179300e-03 7.549681697347012527e-03 5.941577028082495012e-05 9.203372035464913586e-03 -3.143138109654697695e-07
1.009299819672851539e+00 9.122696782825239215e-01 5.531276985145908848e-02 4.513492998569821474e-02 2.255175573126881345e-03 4.306627117200723109e-02 5.935554837357959451e-06
1.021249889528536681e+00 9.487242791167171951e-01 2.880185623136759590e-02 2.359338175221724690e-02 6.150251209153245746e-04 2.293566490125811125e-02 2.159173037180020689e-06
9.969716552218965688e-01 9.293146379580583538e-01 1.105394519477977643e-02 8.434026711616558064e-03 8.139840408978234220e-05 7.965708576765907767e-03 -2.441182754353255445e-06
9.795094163697777301e-01 8.900605819473327296e-01 2.301671742310260754e-02 1.701004668961964006e-02 3.363021903349495360e-04 1.563537544485907316e-02 -1.351201825763536876e-05
8.211117762905860706e-01 6.023731569345295300e-01 1.931231241692661985e-02 1.223746889086243204e-02 1.875829317161534693e-04 9.072788305406675677e-03 -1.431669323555674607e-05
9.848594155241766623e-01 8.773102431808106338e-01 3.073992169633762289e-02 2.566793457516057878e-02 7.209999495673073255e-04 2.399846346807204059e-02 2.460840095788155348e-06
9.049791066394254901e-01 7.531199684694752650e-01 8.458953216505030875e-03 6.172017832637752277e-03 4.456493533023565563e-05 5.266099326530947027e-03 -1.672938895087590683e-06
8.811611487842497814e-01 7.066686187596460389e-01 1.361199451991805184e-02 9.084327488278528401e-03 1.008502522778754681e-04 7.363866231391701968e-03 -5.824393633787427842e-06
1.371848062331828988e+00 1.789553332238584815e+00 2.577300601239875411e-03 2.610379124443801529e-03 6.770751416734664270e-06 3.461374255247373286e-03 -1.488704836432568717e-08
1.154884002538121290e+00 1.232068648407222522e+00 5.524383917167120100e-02 4.487612665146531454e-02 2.234141596313054309e-03 4.945923343103234004e-02 3.532459400058530737e-05
1.557145828359776552e+00 2.318976954646033040e+00 1.683480051637104014e-02 1.255302903003214718e-02 1.822735719969279531e-04 1.854405857475660557e-02 8.778448599672548707e-06
1.107911612375765964e+00 1.158696087488649606e+00 2.480931062242966879e-03 1.922049516002931465e-03 4.194884437267125857e-06 2.033847027097426818e-03 -1.378027627811609321e-07
1.283376299572233314e+00 1.575775769812949312e+00 1.063934221594079561e-03 9.195766238245460219e-04 9.093417987880563983e-07 1.134590750702988912e-03 -2.066547770037847334e-08
1.118674223087232855e+00 1.184627764318489707e+00 6.956141233459615892e-04 5.134218850184500346e-04 3.061479565482554907e-07 5.322851934826240911e-04 2.042510300176683363e-08
1.312138297703211665e+00 1.627017606403422745e+00 1.331137992651413096e-02 1.003050566104434979e-02 1.158193658205189749e-04 1.252392876813308159e-02 4.410007234399155706e-06
9.053402719361992590e-01 7.566221360270873886e-01 7.926785012497258864e-03 5.792690554025471845e-03 3.923042879131700337e-05 4.934879630043065117e-03 -1.320740084715453202e-06
1.031657603820622882e+00 9.791273501390485023e-01 1.886165964203793954e-02 1.571343895817356451e-02 2.705041450998815159e-04 1.545504822845248684e-02 2.777450192388709177e-06
1.331148024096509452e+00 1.673296764479652587e+00 2.461118294541449897e-02 1.877368140251726991e-02 4.033142500584333727e-04 2.385693885410888893e-02 1.360190897009693899e-05
9.792333784357868387e-01 8.635635049416978681e-01 3.060001464071664817e-02 2.325451148455863828e-02 6.202443002133790515e-04 2.148153985662537568e-02 1.021285999287184065e-05
1.307806818444190888e+00 1.618935226262087079e+00 1.176913060006471281e-03 5.809222049609629075e-04 4.688920107132248206e-07 6.340369295187646241e-04 1.042459884406724530e-07
1.021920401116768407e+00 9.787216704543343360e-01 1.432437822421151093e-03 1.171183929695456373e-03 1.516749146697666097e-06 1.157907420916865068e-03 2.558690640795029032e-08
1.373202816894985911e+00 1.791348997057539361e+00 1.582104399973476017e-02 1.246682697064483217e-02 1.750580125599352052e-04 1.656821196068124918e-02 3.131473791861220653e-06
1.088575370619179417e+00 1.106337073179217700e+00 1.086459884917944339e-02 9.518662511273008955e-03 9.679530833382670265e-05 9.927448758560775133e-03 8.420791481153990410e-07
1.448632030316624020e+00 1.998208759556628911e+00 4.492823099835301223e-04 5.290891734767227354e-05 -4.492023847209665798e-09 -4.311558219881984422e-05 6.809204674641276853e-09
1.271107351918736583e+00 1.541073944500938930e+00 3.606454223312995089e-03 3.235035480507650416e-03 1.104983884110965544e-05 4.006751449620536351e-03 -3.996350983436654101e-08
7.384865140237947267e-01 4.693387477408937358e-01 1.216369259351723908e-02 6.698903131709046423e-03 6.011968688054285281e-05 4.324325975417970744e-03 -6.497342233468170170e-06
7.560118653022777080e-01 4.982248534851825839e-01 1.327179545362849530e-02 7.496448036719998743e-03 7.430991577417006100e-05 4.951501456559431399e-03 -8.314075988856580151e-06
9.143031045387290945e-01 7.706911561303884106e-01 5.143769350325013215e-03 3.618619558461609424e-03 1.558597148563672837e-05 3.063849480399370891e-03 -8.990045618639860119e-07
1.713287750122584274e+00 2.819471219729883682e+00 3.905953031878146159e-02 3.204417811240724973e-02 1.133415661757894823e-03 5.326285563270682921e-02 2.408151434844400590e-05
9.525150716621124669e-01 8.384143263997815287e-01 4.768593581781038065e-03 3.292087703101497127e-03 1.302250379458246585e-05 2.912955170462277598e-03 -7.440693837383463416e-07
1.345437477427618544e+00 1.721340217148750629e+00 5.034798706815493148e-05 9.073565136393593755e-05 6.132617220085191628e-09 1.189966461517466209e-04 -4.585416714453981820e-11
9.964589870917028858e-01 8.964339193193013866e-01 3.604597612673447748e-02 2.875266688224828102e-02 9.256075886450627638e-04 2.714246700603567194e-02 8.586986162080914199e-06
1.407317832933153490e+00 1.878587420499064242e+00 2.124909096924020024e-02 2.049330686339380370e-02 4.276490931503886049e-04 2.807431120324749632e-02 -7.607672980039557973e-07
1.021972634459796581e+00 9.743777035863576685e-01 2.136411526690868562e-02 1.676879833909390716e-02 3.172725843894333908e-04 1.625152139764099446e-02 -8.689496419818349250e-06
1.279802143316193463e+00 1.562544245474425830e+00 3.313618767516805265e-03 3.093216561749457475e-03 9.902991219032132518e-06 3.866406305572145027e-03 1.287273167238098962e-08
1.247995425492979260e+00 1.486509649899266039e+00 1.378475866097184928e-05 5.827984615382416454e-06 4.781396998550826588e-11 5.005079981828594588e-06 2.103604679990292743e-11
1.089733617817721045e+00 1.121164334478208957e+00 7.439706901028613623e-03 6.063976576681302105e-03 4.072889601073803796e-05 6.394192556208564381e-03 -2.970109791705301672e-07
7.475694537402852724e-01 4.809721373395867139e-01 1.359264102131032756e-02 7.441783770239316330e-03 7.437164673154587696e-05 4.843858875436661028e-03 -8.411508253792484907e-06
1.048465629699517843e+00 9.854904463347484711e-01 8.098987054335943236e-02 6.873526082654773939e-02 5.128432517855736200e-03 6.821407591148627436e-02 3.201834152733850497e-06
1.156942480769937998e+00 1.249515971043993146e+00 2.228504560298080750e-02 1.759296418392648081e-02 3.483011739398335360e-04 1.953862225782319190e-02 5.807082054517633874e-06
1.016179711621800985e+00 9.438063422782696499e-01 2.774055819867040848e-02 2.113279794717677629e-02 5.115376448313145976e-04 2.034041074294726942e-02 1.179907483773946688e-05
9.263354339561418183e-01 7.901837535895683828e-01 1.526824221283250294e-02 1.099563088958973797e-02 1.423479127455611233e-04 9.519651279964387244e-03 -5.907326316988034632e-06
1.384615314354372018e+00 1.821919317444913977e+00 2.173578404735525271e-02 1.764601330334524681e-02 3.455502557357171319e-04 2.367820970843503153e-02 5.048185982042737449e-06
8.055739216927918500e-01 5.775878715981668243e-01 1.159408364578912339e-02 7.181846874064578071e-03 6.536404949173700899e-05 5.261839916628568981e-03 -4.728626284861573093e-06
9.928461495500506828e-01 9.166903859625501472e-01 3.899196989723104426e-03 2.775220184035572055e-03 9.122221986486552255e-06 2.604433119684071429e-03 -3.574295118487919879e-07
1.293202193205602590e+00 1.573732635247879541e+00 4.397158570648460052e-02 3.621827384126557331e-02 1.445177945498732656e-03 4.503929352111488149e-02 2.328411954992585619e-05
1.233129929606799013e+00 1.446891557318302990e+00 5.237026533268762142e-03 4.444105635261549371e-03 2.143712494894596342e-05 5.286135101449707108e-03 -3.330538471649895375e-07
9.622903906386014450e-01 8.564135543998887545e-01 1.230186307235922420e-02 9.990866701460734273e-03 1.107359493417128425e-04 9.136822703722555228e-03 -2.395077358980551997e-06
1.045326526699461356e+00 9.955971467393034402e-01 3.447071966340232996e-02 2.815756865186428912e-02 8.772283300644701919e-04 2.804263909523052253e-02 4.315010798402714801e-06
1.000628836081487893e+00 9.001125891382973920e-01 4.596499488725977467e-02 3.485325408691249127e-02 1.394803007411503067e-03 3.282998633516531761e-02 2.426920311642983148e-05
1.278879770935630100e+00 1.560910248235943154e+00 2.225966049294933382e-03 2.065907289202910391e-03 4.430220513810838101e-06 2.579995173082959281e-03 -3.877137489292548714e-09
2.018533841850234101e+00 3.933907822634430840e+00 6.336422352314190209e-02 4.900900951312247428e-02 2.729023132935432319e-03 9.469074539325600393e-02 1.062218608561338665e-04
9.785356716358732942e-01 8.699851914505889461e-01 2.387592729233214972e-02 1.895600368452025897e-02 4.032485379216396173e-04 1.758763115533917148e-02 4.538042478590905999e-06
1.086228462435536057e+00 1.109861254256292673e+00 1.039753386089480730e-02 8.300962404802299591e-03 7.710340747553085287e-05 8.645019321055227857e-03 -1.519065751822108528e-06
9.515903173704739482e-01 8.366347411093714159e-01 1.965812938603452367e-02 1.417654726783051065e-02 2.364735219237753139e-04 1.263470381203494336e-02 -9.419626168861159384e-06
1.464722395431051982e+00 2.050226072097111274e+00 6.807542482475521968e-03 5.230572989672555018e-03 3.120103040104835245e-05 7.406700794281719825e-03 8.205789648371542738e-07
1.298192194545404021e+00 1.591054637225372881e+00 1.031957222140326112e-02 7.078193850961526055e-03 6.039020747492647673e-05 8.658829188460415507e-03 3.547444275719032614e-06
1.202253372927297947e+00 1.376934809558405304e+00 1.226005457090773498e-03 1.080289483254185702e-03 1.243242395982200308e-06 1.263864934236271420e-03 -2.087665839323717569e-09
9.471059676357252988e-01 8.256282907799259441e-01 1.310798809222312768e-02 9.908015427653658197e-03 1.128921625503578744e-04 8.926826419875617466e-03 -2.223732330498565872e-06
1.073815245258102236e+00 1.084026576669845809e+00 2.281416236536702746e-04 1.881718069229080745e-04 3.895876847084738149e-08 1.826222070744534646e-04 1.516733458481438360e-09
1.379125547667561236e+00 1.828803039712382672e+00 3.429729151274539404e-04 2.849190241318100628e-04 8.905448616540479616e-08 3.847166264767027158e-04 1.433816307778139128e-09
7.770435119033912708e-01 5.340662581571741230e-01 1.077778699574770405e-02 6.471251020136901608e-03 5.383212337285698352e-05 4.496531954493227304e-03 -4.780393149049131757e-06
1.061616423679332399e+00 1.031384062296770487e+00 4.014740545240171044e-02 2.949034807672904629e-02 1.014086445317345262e-03 2.940986327195324948e-02 3.600827206895706968e-05
1.274024455503923292e+00 1.549132511485509234e+00 2.552043317169663730e-03 2.111621137259428373e-03 4.900480221537866834e-06 2.591573192806002728e-03 -1.196358908123359876e-07
1.176475003678328024e+00 1.311031246896823710e+00 1.759799757938037071e-02 1.406167344828125609e-02 2.211089707999042760e-04 1.575204801245842084e-02 -6.381018363882021540e-06
8.531651454671931312e-01 6.604047448048852020e-01 1.330906819847781433e-02 1.004757488315035328e-02 1.161522126927958659e-04 8.074645400699456341e-03 -2.930874894665592512e-06
1.154519595564537315e+00 1.265574966075116770e+00 1.850736813153476806e-04 3.160070110882981520e-05 4.287877741430738578e-10 -8.567415189449675665e-06 2.378326407364488758e-09
1.036188260175228137e+00 9.837100348515351866e-01 3.255346587089660154e-02 2.499932798596971734e-02 7.130121902551875366e-04 2.458752731756264770e-02 1.484936562512099252e-05
1.699344934019086262e+00 2.772048141351388661e+00 1.813728661338309678e-02 1.397930753367431465e-02 2.224281918632824151e-04 2.270694354090264239e-02 8.605840415483530885e-06
1.089636795603096120e+00 1.120439987455756237e+00 2.558151738626414091e-04 1.623979456320277575e-04 3.289369549186200240e-08 1.598684400633156163e-04 -3.693891620669363371e-09
1.090747878297805951e+00 1.093130884417308657e+00 3.471405526696007965e-02 2.914700534268364548e-02 9.271335686823844015e-04 3.043518729973216166e-02 2.251233129868805867e-06
1.135340974370578238e+00 1.221351706580996010e+00 3.639053815927503679e-03 3.106951598011176326e-03 1.044697457434481396e-05 3.433035217440960282e-03 5.225482678262005333e-08
7.683135938777770901e-01 5.216820502422749861e-01 1.017556626359895910e-02 5.952530995956338382e-03 4.608179961917029707e-05 4.039418117676769719e-03 -4.757635215018236974e-06
9.624140786656703028e-01 8.594124670950560319e-01 6.295630596796493277e-03 4.552829137498944079e-03 2.434341624277142508e-05 4.094655360027420199e-03 -1.237159467907950942e-06
8.233336332575421634e-01 6.081363905337945353e-01 1.559647205601867245e-02 1.029010011460413862e-02 1.301560261113989913e-04 7.775331616874030932e-03 -7.280128519560200258e-06
1.019663074430571248e+00 9.734938443732618074e-01 4.138890830840497525e-04 1.769703392662402722e-04 4.522017728808025710e-08 1.273824670771204375e-04 -1.578269156243998236e-08
1.394732936985825678e+00 1.848192276650394650e+00 1.100019207886465504e-02 1.068137729905377017e-02 1.157810713951946285e-04 1.451754001928421550e-02 -4.617799802881506329e-07
8.946432011342939639e-01 7.328905078406812157e-01 9.253304876187279371e-03 6.892098018475550231e-03 5.502395298724317403e-05 5.817775720854520896e-03 -1.314090816581154790e-06
7.913818343749491335e-01 5.525345316542408236e-01 1.561285805315843628e-02 9.893893687069084744e-03 1.227466051437134528e-04 7.143026156109528318e-03 -7.375420740917024121e-06
