5.991015200942553243e-01 2.925720093443973657e-01 1.684328577367646407e-01 1.471093081435098093e-01 2.315635151334734243e-02 7.954831585476629385e-02 -9.302767210246642993e-05
5.340882980400910585e-01 2.252579630231940355e-01 1.031542849402586198e-01 9.003019580652316112e-02 8.676126222183503517e-03 4.272954522820566342e-02 -4.815368194411185493e-06
6.053326839560274619e-01 2.960576437455481602e-01 1.734406526356531697e-01 1.483474409062005839e-01 2.379517869680537745e-02 8.056174025341721057e-02 -1.308593553393782444e-04
5.957704228853173412e-01 2.918323154540894415e-01 1.625949787688468762e-01 1.471451614457980894e-01 2.275967965418217165e-02 7.942791082155462035e-02 1.235472797641683218e-04
5.971081636960209327e-01 2.928685612473527766e-01 1.657711331285638134e-01 1.487799160092192763e-01 2.336516388569551128e-02 8.050580976889679108e-02 -7.240629553874420449e-05
5.599743080114801819e-01 2.480951458566177104e-01 1.350307868432308045e-01 1.172605194767951386e-01 1.475512112663233608e-02 5.836861036322724822e-02 -3.666592560789758148e-05
3.995456293585227803e-01 1.096043630476809111e-01 2.728968025706090400e-02 2.506949405239102674e-02 6.556960120830800792e-04 8.294469346318913278e-03 5.456147953492888409e-06
4.597962860055078149e-01 1.584412761315915907e-01 5.695583740611265267e-02 5.509414377743293567e-02 3.085991262187728727e-03 2.189943456165041602e-02 3.780489419303711268e-05
5.839786699842485218e-01 2.827289921880302703e-01 1.382450102703864647e-01 1.261442743076776063e-01 1.665780117803752555e-02 6.707229643585288503e-02 1.034352629299970308e-04
4.093891799940666543e-01 1.162851263357783799e-01 3.195779889229301979e-02 2.969309894476131542e-02 9.146570997432014721e-04 1.011777343076327752e-02 7.187398084587779280e-06
5.015631506988751376e-01 1.841172154259260174e-01 1.050152690863039862e-01 8.737772568926988059e-02 8.369634220510475259e-03 3.745036427496599429e-02 8.201712617063945839e-05
6.685164802195441291e-01 3.807636742858008794e-01 2.542320477987217719e-01 2.332826736222623210e-01 5.681170179642756890e-02 1.439071833972143388e-01 -1.264132033932906241e-04
4.817096330284488248e-01 1.663391007825368029e-01 8.427714415667063308e-02 6.745540849567570330e-02 5.085965495934572506e-03 2.751093867167590107e-02 2.816820311818727350e-05
5.580927278518881263e-01 2.460496565444363071e-01 1.248644508218626492e-01 1.053436813025625945e-01 1.208160030331068349e-02 5.224397369555369014e-02 7.184310897980113186e-05
5.728810823618762926e-01 2.648113914908103439e-01 1.418424879765696478e-01 1.246934780922255015e-01 1.658317785367550284e-02 6.416330764749601789e-02 -3.594197816563123038e-05
5.241201393365036987e-01 2.060740087886829830e-01 1.118551494401676533e-01 9.286585664596011536e-02 9.464793806260085596e-03 4.215373770503778178e-02 1.967062909289112212e-05
5.783737634788297388e-01 2.783863780333267757e-01 1.275571375195996837e-01 1.193538859301136179e-01 1.472654083808830165e-02 6.296728542061395817e-02 -8.045621245725623205e-05
5.282780301246635668e-01 2.120438378700995330e-01 1.200244208919021144e-01 1.015735743416492504e-01 1.121484318318975888e-02 4.675196195655512837e-02 8.579304517111242551e-05
4.207808978105140874e-01 1.249491119373747905e-01 3.864741744138804752e-02 3.522579878732386149e-02 1.299725115362548779e-03 1.245047039999307853e-02 -1.520292689316873891e-07
5.939167107454750294e-01 2.847829224445901364e-01 1.758918978801045641e-01 1.547981381698212422e-01 2.554279001397158702e-02 8.253929054619038586e-02 -9.780576738065149822e-05
5.920820429762341242e-01 2.839018453474097536e-01 1.758180226802805168e-01 1.562223988220726445e-01 2.589037072654850821e-02 8.322612065895533540e-02 1.608360519639098762e-04
5.676245076998376327e-01 2.563630514568496777e-01 1.303610258130309396e-01 1.111582446250200390e-01 1.338088677776849353e-02 5.621633307693091330e-02 -3.526899958536736102e-05
4.270613322580297799e-01 1.303028501465323397e-01 3.936133080571398157e-02 3.766090638441328686e-02 1.450008347539806421e-03 1.358658187805893147e-02 -2.278681828075533773e-06
3.547574382039660468e-01 7.771955618727288684e-02 1.623125663815216599e-02 1.504935182316129855e-02 2.351947860600727845e-04 4.194477251507057643e-03 2.527472520379525178e-06
5.244275390524606451e-01 2.045879152097672127e-01 1.080084812731652161e-01 8.639825802397833876e-02 8.346129282624853082e-03 3.907891439763534064e-02 2.043200869754650470e-05
5.009370916990258937e-01 1.835558451397884816e-01 1.037731124798881854e-01 8.621660751660467636e-02 8.154633140023124713e-03 3.690200378105547296e-02 8.642386153756369781e-05
5.536146746525302254e-01 2.416494032811147552e-01 1.189012390027675975e-01 9.988507653920265794e-02 1.088533008413506906e-02 4.907247860331501177e-02 -3.691393060500317708e-05
5.546513222670944598e-01 2.365137399658407136e-01 1.620559439139187541e-01 1.400234694341764285e-01 2.109176470306891801e-02 6.799784445081806517e-02 2.065113739212944693e-04
7.193168418603682612e-01 4.444876934594264029e-01 3.893366813195233700e-01 3.605555535216953267e-01 1.350886642754589306e-01 2.402622409072853182e-01 -4.138211072153841208e-04
5.884014631096711190e-01 2.880846770863041972e-01 1.273430155591563362e-01 1.149018241317252553e-01 1.389876464775137606e-02 6.166524085286185369e-02 -3.944736698882508842e-05
5.959938625584777494e-01 2.871831559555432234e-01 1.803385703298288067e-01 1.598093216452911303e-01 2.712950914690907822e-02 8.557257634422110737e-02 -1.369959717165141096e-04
4.983755284300996347e-01 1.930352242507553939e-01 8.151533643179435795e-02 7.654203308378723647e-02 6.045784409211968358e-03 3.361252339232383840e-02 5.348935949365781276e-05
5.160791771374364512e-01 2.008237475042689568e-01 1.046094482370705375e-01 8.707599218224471027e-02 8.310524586417128087e-03 3.901744116942880425e-02 3.851764887351612687e-05
5.505846604519307741e-01 2.379461880958222975e-01 1.120832898939160965e-01 9.356189588443837579e-02 9.581149203595377278e-03 4.557846265878726794e-02 -2.390675793283256884e-05
3.935121174039563074e-01 1.030358309146676976e-01 3.061561613968678819e-02 2.751250415172627056e-02 7.984756161542661598e-04 8.831019223720436989e-03 3.841276227953534868e-06
5.043927551584374003e-01 2.013935613849004158e-01 7.606510930059472153e-02 7.104576540070707547e-02 5.222725497249450059e-03 3.187530301668016486e-02 -1.889686467897866299e-05
4.719034764510391389e-01 1.694319156035058727e-01 6.040965980601058216e-02 5.677992991965135489e-02 3.325250996222456172e-03 2.336298332427938496e-02 3.273340317680244974e-05
5.695424019940159566e-01 2.534170268560009820e-01 1.649456767765888898e-01 1.421937073282645292e-01 2.177616889015050045e-02 7.142302281914826578e-02 -1.444797154099130426e-04
4.705219847670168987e-01 1.666633740487325488e-01 6.343445688669691052e-02 5.795053357856456283e-02 3.513555940876445134e-03 2.364626864396863343e-02 -1.039050468712985655e-05
5.760154180571308569e-01 2.626385824860458240e-01 1.740136082855597288e-01 1.536664038608257510e-01 2.512731237260479311e-02 7.870768955649022625e-02 2.014692299292970834e-04
5.005878406191763830e-01 1.741337768631367466e-01 1.052021432495466868e-01 8.202554542626173950e-02 7.618948387420010522e-03 3.418717001370683711e-02 1.046355080247906959e-04
4.971028041472611014e-01 1.920505422069964940e-01 7.957211948348284769e-02 7.572150717714848378e-02 5.877505023285183559e-03 3.317348910319372485e-02 5.096806343954027319e-05
4.509407705272536759e-01 1.511873642996494072e-01 4.848162260166112569e-02 4.560164067844918456e-02 2.144081439292714990e-03 1.771914346187643957e-02 1.952041088275357789e-05
4.295097466633048255e-01 1.341549624804994068e-01 3.508750252110569290e-02 3.256895172234648000e-02 1.100979173992519588e-03 1.192877067233313881e-02 3.950014697908052919e-06
6.303990496083549111e-01 3.381056314212887437e-01 1.772012861362546876e-01 1.630150381765890777e-01 2.770553738106398822e-02 9.478006862816730493e-02 1.719253052141550206e-04
4.224733413195312925e-01 1.255058484644944183e-01 4.113365991482730716e-02 3.688454736500532127e-02 1.436693986986280853e-03 1.305790603839728989e-02 -3.218696713288144969e-06
4.164790456304546251e-01 1.215760018893189964e-01 3.607309458865221030e-02 3.283385832747179323e-02 1.129989322128606422e-03 1.144840204757562215e-02 1.189405990026067353e-06
4.107422672228480121e-01 1.192016378325208570e-01 2.908512743916840185e-02 2.627431640432710894e-02 7.263217705177188975e-04 9.068856360580100640e-03 2.941742672704229897e-06
5.788877127466626193e-01 2.778456850992354621e-01 1.275788192196123938e-01 1.159291309065752507e-01 1.409863323887824635e-02 6.110644048597857481e-02 -3.239280670056313149e-05
6.251148727956623574e-01 3.192804390161951833e-01 2.637504379287841094e-01 2.419904943787702933e-01 6.113357359379236605e-02 1.365626359182119942e-01 4.956147845390189433e-04
