5.676750989370412670e-01 2.379234534305665338e-01 3.433377760643674392e-02 1.440219408116200778e-02 2.933148639570697081e-04 4.400670433261333683e-03 1.285821538245591252e-04
4.940596535263265254e-01 1.664604666808545408e-01 1.819787430071754739e-02 3.229646735344507587e-03 5.671062125788599049e-07 -4.557168325704254695e-04 2.475306103666622182e-05
5.367558723198200266e-01 2.085247455508637549e-01 1.712277814747630023e-02 2.316170256526169438e-03 -1.083793577915234598e-05 -9.144297583455033868e-04 9.762020079573024964e-06
6.000250110628430056e-01 2.756002274875822833e-01 1.994067577875067304e-02 2.979187700786456536e-03 -7.892177082081881076e-06 -9.447435409991060320e-04 2.156348853577012988e-05
5.824074805730463655e-01 2.526000532233695917e-01 1.981511675470636405e-02 2.492622583924286421e-03 -1.722695450763901925e-05 -1.245583979603469716e-03 3.179679454363750285e-06
5.537968895921635548e-01 2.184407766018218455e-01 1.990942242449723204e-02 3.625722168335014824e-03 2.131746749631994496e-06 -6.069000770545789243e-04 3.073114455343675363e-05
4.453333297388492040e-01 1.186917483690570901e-01 1.575438225242646595e-02 3.685556551149800700e-03 1.127213792645298028e-05 -8.431403409358152051e-05 2.572229934835079356e-05
7.386479494359914355e-01 4.624465823711887413e-01 3.737230050570364281e-02 5.799959382410820388e-03 -7.568102850047996673e-06 -1.696715880908798062e-03 8.505501115620980402e-05
5.058445276940928270e-01 1.762701094011341896e-01 1.730199211175026397e-02 2.335102722051314930e-03 -1.024490931453422332e-05 -8.071045977236726435e-04 -1.073972166884629444e-05
6.278573522624686376e-01 3.071417970568175448e-01 2.129563224001833344e-02 2.671870028936591205e-03 -1.801231417486082970e-05 -1.386911480276148932e-03 -9.041756583150278184e-06
6.981231613442845374e-01 3.916642801379947025e-01 2.549824117695477510e-02 3.637497131504298722e-03 -1.430922517880501313e-05 -1.454619537917194389e-03 -3.197583691861326710e-05
4.608870661947397362e-01 1.267139157304756902e-01 1.571530446975004380e-02 2.722390026192510713e-03 -3.285423850599639012e-06 -5.254478178714456571e-04 -1.750113224026222540e-05
4.856286602749703696e-01 1.579103380455186001e-01 2.069385009158028824e-02 5.309536760509731695e-03 3.350729751413656656e-05 3.659342242054326993e-04 4.443827353108178107e-05
5.047630625930544790e-01 1.735527689213575142e-01 1.825006326592940736e-02 2.469676142186120159e-03 -1.229911232740499191e-05 -8.764416175513619831e-04 1.111926016032186056e-05
5.388216241609060653e-01 2.112875414471914737e-01 1.745864918732780921e-02 2.218178834567153569e-03 -1.255079925684277748e-05 -9.617763999181023387e-04 -5.746620361833150735e-06
5.090064004766462480e-01 1.737598837316073896e-01 1.735756759664836696e-02 2.330688703486258860e-03 -1.330375423237795330e-05 -9.314552991458156274e-04 6.539617546895463693e-06
7.258715670455583302e-01 4.293727763445881473e-01 2.637683846558213849e-02 3.494398334245475603e-03 -2.112023158681730701e-05 -1.794963286301577178e-03 -2.606571473745712138e-05
4.664585292765605073e-01 1.308408638982630212e-01 1.571591460068218898e-02 2.546591645557395693e-03 -5.552199119004333262e-06 -6.040632359751635155e-04 -1.512352562263124972e-05
5.318659998645548503e-01 1.994196705509927448e-01 2.846231265008444117e-02 9.382407526766913669e-03 1.236615069203791343e-04 1.801279856608450653e-03 -9.064044318295871481e-05
6.983335246543673769e-01 4.061567907431619107e-01 3.799272244172676588e-02 9.065375208235604623e-03 1.006010346477829960e-04 8.990574080932150179e-04 1.348483606258918540e-04
6.102137207758215887e-01 2.871481901866908548e-01 1.930863418097734929e-02 2.431971264493975552e-03 -1.504675675474572200e-05 -1.226264689107483012e-03 7.164336597898787341e-06
4.746109150208230876e-01 1.446501381660705854e-01 1.524419885682741678e-02 2.543145402818920708e-03 -2.911339308680045748e-06 -5.258108927433377327e-04 -1.556473454882679203e-05
5.294484322347743355e-01 1.968780842454858349e-01 1.705436755171184371e-02 2.767909279645602069e-03 -4.282692293640845206e-06 -6.678025174992989477e-04 -1.852864805030955111e-05
5.843211069311093908e-01 2.494385066153813058e-01 2.074448486363893174e-02 3.665317928026069587e-03 1.077550238285234719e-06 -6.848617499382067368e-04 -3.194271577456493096e-05
4.292037544190396847e-01 1.009226668928265569e-01 1.962162882891509835e-02 6.191631685065741506e-03 4.922558815266654751e-05 6.145969370884472264e-04 -4.726854167843800713e-05
5.629424394221231864e-01 2.378987164137708055e-01 2.369475959608222104e-02 4.099673389547251086e-03 2.561596140439879604e-06 -6.201192154848712964e-04 4.032511012836412830e-05
7.757941903487464153e-01 5.194911843567524556e-01 4.484463941098661144e-02 9.108788555364323580e-03 7.722967433925956434e-05 -1.455731796694125640e-04 1.671143407638059526e-04
4.449187174787442300e-01 1.152046615917347860e-01 1.548571579033085691e-02 3.104928781347885986e-03 3.419125245373648257e-06 -2.904679722478987623e-04 -2.125672863470999278e-05
4.285038442784204760e-01 9.921695083539019966e-02 1.503739635663858473e-02 2.932988826040165177e-03 7.744484593896185044e-07 -3.454595602039985873e-04 -1.946293780548232963e-05
6.226976293304650190e-01 3.026234570320663342e-01 2.293948930052620849e-02 3.711367259306406347e-03 -3.447610901291395724e-06 -8.492908378886155274e-04 -3.407066543512101119e-05
5.610820688143735024e-01 2.289310392766810420e-01 1.934772498485567982e-02 3.608574721839122139e-03 4.403466283590384551e-06 -4.765344904408067017e-04 -2.982888804972023649e-05
4.595401727499980327e-01 1.313065629589058592e-01 1.524281102311298222e-02 3.027299915897964031e-03 3.571320154189537237e-06 -2.916530265788750136e-04 -2.025190271821879277e-05
6.801737667235761009e-01 3.752416946045308288e-01 4.044204900808821834e-02 1.217255408202046543e-02 2.108168632356568746e-04 2.880428050928904304e-03 1.688145571452965730e-04
8.172457614618127142e-01 5.625503178626787282e-01 3.217427046653716094e-02 6.124841729492713424e-03 2.431364631422252456e-05 -5.776477192362412371e-04 -8.247048216326415048e-05
4.426050314246695039e-01 1.135480072032926668e-01 1.499756316978728167e-02 2.632568990360466439e-03 -3.408878146934811620e-06 -4.884998868230562737e-04 1.618663652015539463e-05
4.452823276169128319e-01 1.139407066501750138e-01 1.681379735553240051e-02 3.965321469416064996e-03 1.412772791955575993e-05 -3.447349410483889227e-05 -2.913322060853811772e-05
4.464838717194646867e-01 1.140943885907460265e-01 1.664840932476150878e-02 3.432929623121044275e-03 3.975401460356119635e-06 -3.433022555940079003e-04 2.564649039096707624e-05
6.220926899231390417e-01 3.003680214719870456e-01 2.195623744612568498e-02 3.427665966627876579e-03 -6.007229306439478025e-06 -9.211176145408918586e-04 -2.912248393642575647e-05
5.970466858365764962e-01 2.720164219957694196e-01 3.478485957065328982e-02 1.047673625178626410e-02 1.542517658290161128e-04 2.087792042860744240e-03 -1.273073320674814285e-04
4.279890106770508074e-01 9.478512502842627307e-02 1.674913999464120590e-02 3.694072782429651952e-03 8.304839781630755661e-06 -1.790573086222405465e-04 -2.784516287346295869e-05
4.839047684877165745e-01 1.559101717562851597e-01 1.765919553527880298e-02 3.525448778426211113e-03 7.310706014790986632e-06 -2.247369700267768506e-04 -2.683891942199970879e-05
6.059783644451660622e-01 2.822835192848870411e-01 2.092876296801748914e-02 3.443142430764333656e-03 -2.626180533486268859e-06 -7.528380407426017067e-04 -2.911012665076275749e-05
5.920703977998529322e-01 2.642092047357578743e-01 2.032798657422885125e-02 3.019405433387835347e-03 -9.939718370231868737e-06 -1.039178394838765175e-03 2.146572758209430319e-05
5.921987741626810742e-01 2.695161770255806721e-01 2.014488324437809300e-02 2.586015805852946541e-03 -1.538919569078561227e-05 -1.197329080105347717e-03 -1.056204141463578413e-05
7.190617032066445313e-01 4.207405703065620894e-01 2.470265573149424063e-02 3.248723359784269019e-03 -1.938581407074874702e-05 -1.693266683726781918e-03 -2.170684567811118933e-05
5.934107664735930321e-01 2.685287691461186177e-01 2.038614568658969964e-02 2.510057666753131005e-03 -1.764394013373622448e-05 -1.290941406938475415e-03 3.329389580449881799e-06
5.171234305990936031e-01 1.862732986081448994e-01 1.782438606183177343e-02 2.245512475976629060e-03 -1.382049975047837732e-05 -9.563521950768153184e-04 3.288205796780977061e-06
4.567128311986813904e-01 1.247531950566890813e-01 1.548257418552796347e-02 2.888642648817981839e-03 -1.520035957900649017e-07 -4.259734766255009577e-04 -1.931740871498259545e-05
4.723556597312437710e-01 1.380734134194010476e-01 1.616896590314296361e-02 2.580019740562082813e-03 -5.288352870114431165e-06 -6.079882535856611031e-04 -1.580245638480804664e-05
4.891721000350047199e-01 1.642765011878409565e-01 1.591731915140550888e-02 1.996165530796287398e-03 -1.125084256522918600e-05 -8.090660440734006318e-04 1.615068232207138481e-07
5.794423315870896873e-01 2.524437365182070070e-01 1.871606983469067953e-02 2.325159593234429715e-03 -1.524622590238074128e-05 -1.164896433741330296e-03 -1.681090735339316151e-06
4.550626143343660113e-01 1.251707921300720949e-01 1.525777569262731781e-02 2.622093086686353228e-03 -2.520894527030725300e-06 -4.818593968121407723e-04 -1.639238308867887024e-05
5.931990657461362337e-01 2.700689437815694816e-01 2.026151330349414137e-02 3.091200499113237396e-03 -6.577199998652804580e-06 -8.641573428009146620e-04 -2.356322610132061013e-05
6.225668919345510588e-01 3.056619251792830338e-01 3.200489798514824513e-02 5.025082520257196858e-03 -6.618016864059180681e-06 -1.216273952433302719e-03 6.338236267768505470e-05
4.231734247500327228e-01 9.767141887149655144e-02 1.668709064410265133e-02 4.401529627603899784e-03 1.987473782135518668e-05 9.704157109967240322e-05 3.206167393321756486e-05
5.622776307220185288e-01 2.338202790602744996e-01 1.827190324253708323e-02 2.374063966993781097e-03 -1.307728713752132375e-05 -1.038946765710596718e-03 -8.571728230980986700e-06
6.349435717514575472e-01 3.132757641398262183e-01 2.319174090593258825e-02 4.181387435751888516e-03 5.168396900885809813e-06 -6.310606166512989449e-04 -4.085064414133641076e-05
6.242651063218408458e-01 3.028764119345802586e-01 2.128293503865098801e-02 2.837966057673053759e-03 -1.472173119358169562e-05 -1.254177500535517964e-03 -1.642368178012633450e-05
4.994765015705354694e-01 1.729151561211878241e-01 1.774711474570878078e-02 2.524809898033528437e-03 -8.566779622256606789e-06 -7.409104394359242868e-04 1.456869441943354633e-05
4.898104211466398072e-01 1.649390987135875841e-01 1.637724683335867876e-02 2.136571723823455036e-03 -1.048324503583845828e-05 -7.832711597017586423e-04 7.059326203748247499e-06
5.155204334020724311e-01 1.864421252909664595e-01 1.603221601962687148e-02 2.279596529210937278e-03 -8.826032986639142984e-06 -7.887142256734078422e-04 1.058393826236469395e-05
5.882260568907664577e-01 2.579803358737784436e-01 2.002600205503541828e-02 2.985778826113446877e-03 -8.744791762200551232e-06 -9.787283767940862730e-04 -2.136767764223928892e-05
4.238797848907205346e-01 9.834796800651193771e-02 1.628850723049600491e-02 4.254152518659975839e-03 1.809745677593059313e-05 7.020255610570131331e-05 3.043925476058130801e-05
4.208186133861125389e-01 9.609145548833605832e-02 1.843588064361118689e-02 5.994904970654470547e-03 4.584496140489728572e-05 6.054152270719821921e-04 4.324643058966814779e-05
4.875049846716227875e-01 1.611964014618807173e-01 1.843291622907678590e-02 4.147649087963529470e-03 1.593031869345612440e-05 -1.099507485804757535e-05 3.257990148020953292e-05
5.592257349924574239e-01 2.272085817060617574e-01 1.936484193357060346e-02 3.851995832806888540e-03 8.416817954921749877e-06 -3.424709236123269114e-04 -3.218637698201374099e-05
5.364168105920799068e-01 2.011176845515805778e-01 1.857099330524741160e-02 2.729246058191563389e-03 -1.064935856713373401e-05 -9.211743223741907915e-04 1.625211888547914156e-05
7.713770725155678631e-01 5.057998735542197366e-01 4.568928675195498695e-02 1.168346850142477043e-02 1.806806222471131138e-04 1.947049764484634193e-03 2.005525424926178310e-04
6.648310909609823627e-01 3.550726514893067787e-01 2.460419103521760409e-02 3.644956339772137486e-03 -1.024313367005031606e-05 -1.206762458463893264e-03 -3.296295438663475854e-05
5.737854249709736232e-01 2.444217056965122259e-01 2.026059054366901452e-02 3.866048407986811403e-03 6.539750744262674755e-06 -4.519770952337619566e-04 -3.358502871641248544e-05
4.577797724389400802e-01 1.304064739049465571e-01 1.657551272953710839e-02 3.656705281821064860e-03 1.094544941619868085e-05 -1.152714990562098650e-04 -2.628054335790273451e-05
7.098853668533001704e-01 4.210348070437069934e-01 3.923033505125724657e-02 9.122628685185507971e-03 9.866864942809913186e-05 7.552118172335776751e-04 1.415924725569738939e-04
4.319557115981469964e-01 9.973280713328536162e-02 1.848606498210847437e-02 5.177113999282856663e-03 3.049821309262078719e-05 2.784687654399861656e-04 -4.043487157130380282e-05
5.089968822077511890e-01 1.816915453225722565e-01 1.672705354236658781e-02 2.135156055870792401e-03 -1.169323063381795491e-05 -8.642886373916439709e-04 -5.107697026578223907e-06
6.398209471271709692e-01 3.179622955541275831e-01 2.285444369269434839e-02 3.561094429616594795e-03 -9.050193048302717250e-06 -1.161120806424932551e-03 3.082519185146682554e-05
5.965918519815095467e-01 2.709818747669446859e-01 3.028543687977099802e-02 8.356734194659784162e-03 9.345122735122681726e-05 1.234189262691152804e-03 -9.455804848033744572e-05
4.422043273772955363e-01 1.201631022499174278e-01 1.734096191869950038e-02 4.935844044676652130e-03 3.034193768960374878e-05 3.913139612405055535e-04 3.412643633725688551e-05
4.256723836875890843e-01 1.007956236263492233e-01 1.520983458479901150e-02 3.318250846252391532e-03 6.008204556846191351e-06 -2.010439477626564208e-04 2.279509803493570707e-05
6.242575701311033898e-01 3.060837903518445202e-01 3.008397357077058701e-02 3.775197189911386197e-03 -3.033401015871221433e-05 -1.798196468941402155e-03 2.642919197889784694e-05
7.713048121992633899e-01 5.064788302083319538e-01 4.016183519019992515e-02 4.794749430144330804e-03 -5.802415668382528255e-05 -3.167119657937002980e-03 3.256094820025741984e-05
5.443147088923823151e-01 2.171583479580542764e-01 1.729867847427696975e-02 2.562032241722035295e-03 -6.977609302584244343e-06 -7.593000795211749887e-04 -1.556368721879406434e-05
6.226899943407907534e-01 3.025576947487019774e-01 2.822939012785104923e-02 3.419540370217717586e-03 -2.990213853523371936e-05 -1.756602855286066916e-03 -1.531764158602511407e-05
5.626236225194949370e-01 2.359259618084011412e-01 1.747527107893798864e-02 2.175423722651969628e-03 -1.329167310652877197e-05 -1.051212243601528859e-03 1.800418872768122096e-06
5.067175711024799467e-01 1.787910145023211550e-01 1.869458178470870258e-02 2.917921602133964620e-03 -5.644961322413982525e-06 -6.740103134883658606e-04 2.079860314005273984e-05
6.745294062910240918e-01 3.709189024086027020e-01 3.978184104521074321e-02 1.144218675972760377e-02 1.838211106023749969e-04 2.376193249007097462e-03 1.606396411271608193e-04
7.338275302673880063e-01 4.432639021757026065e-01 2.478744419312318981e-02 3.164816211958424753e-03 -2.118394152760539914e-05 -1.808070140248003044e-03 1.835695164572240771e-05
5.471937432424808234e-01 2.190305401937439056e-01 3.479746557191176065e-02 1.528103113357497447e-02 3.270948267901513666e-04 4.721721409754597344e-03 1.310564947411299000e-04
5.193632247059631890e-01 1.919120854788640695e-01 1.888792525589494051e-02 2.697381796463618146e-03 -9.258760126341669975e-06 -8.127970902398406420e-04 1.688093354801296613e-05
6.231935533291174112e-01 3.036560098299028176e-01 3.154663137780013699e-02 6.671750665595199345e-03 4.194548020940685177e-05 4.469535528665684321e-06 8.723031265052465450e-05
6.232656611046343276e-01 3.040880198522234457e-01 2.982912106642460898e-02 5.700058226980053711e-03 2.081215340452537000e-05 -4.391801706778775995e-04 7.135242099437895608e-05
5.362087934628041452e-01 2.064803110984674839e-01 1.799503002479793667e-02 2.382423081668935336e-03 -1.229576116667269242e-05 -9.592258035013864845e-04 9.599576456134566957e-06
4.675507206874555122e-01 1.378378178652804043e-01 2.563140846102281850e-02 1.087771129248740233e-02 1.637607268180178439e-04 2.484854199957258966e-03 7.856610259581581473e-05
6.948531881285689993e-01 3.945162982184381439e-01 4.516590642609155659e-02 1.625103740685771708e-02 3.846273317683691949e-04 5.442575785599072617e-03 2.142581305270833849e-04
4.407996586140150441e-01 1.125456598811528652e-01 1.818951852180881665e-02 5.045991111320454262e-03 3.077306309203255288e-05 3.579048750363920126e-04 -3.728309265188165227e-05
5.223632969238751755e-01 1.967294987065436873e-01 1.891771860103878128e-02 2.313401279753229348e-03 -1.526428628379076626e-05 -1.024438705894322506e-03 -1.104682425376921057e-06
4.519110138412658073e-01 1.197322733059630606e-01 1.747570420231563115e-02 3.937923858363939246e-03 1.209142530216224033e-05 -1.463730997469343885e-04 3.034756756953939415e-05
5.240826355993604135e-01 1.981265935920462906e-01 1.892195270007392474e-02 2.437993404000775820e-03 -1.352657402856342221e-05 -9.688881294058418340e-04 9.551404122266611311e-06
6.064262055306037791e-01 2.776177023942800748e-01 2.202247123984592964e-02 2.761745691733150706e-03 -2.104224924226955003e-05 -1.442635292642007469e-03 4.595213396261811487e-06
4.195536978605280964e-01 9.540126750454021309e-02 1.436432163650945733e-02 2.944451440356982488e-03 1.980616942422717703e-06 -2.949231823707866530e-04 1.904643058137887800e-05
5.044079977606068521e-01 1.444400299579142732e-01 4.457319888996875284e-02 2.067083406949004817e-02 5.748112927709734220e-04 4.453129044749971205e-03 2.515472417743473102e-04
4.294513972172080418e-01 9.872158858989513175e-02 1.577178336851520549e-02 3.322506198751018491e-03 5.193002947948155846e-06 -2.386168654062461019e-04 -2.348402023753654158e-05
6.745879670522735294e-01 3.704282083835345185e-01 3.466125060816451636e-02 4.070618188689155252e-03 -4.723273507683841934e-05 -2.443811135156595711e-03 -1.034241403861632294e-05
5.300611861007312742e-01 1.988312815242670450e-01 1.740954407083114205e-02 2.523222168654687316e-03 -8.545431894136884155e-06 -8.200620214830987029e-04 -1.437535179574929232e-05
4.564956996825196844e-01 1.258323455384949274e-01 1.729974700958651287e-02 4.029773666299001599e-03 1.362379773256273792e-05 -9.916374867375177694e-05 3.076498204492386125e-05
6.216916929979965367e-01 3.030426456956326620e-01 3.875830800836382872e-02 1.642928994441199622e-02 3.835257481002369347e-04 5.781968582201646445e-03 1.574368347603631027e-04
4.886267155080276092e-01 1.582620957770899950e-01 1.595081705152633089e-02 2.807980413966171089e-03 -7.342207758220585762e-07 -4.855944659457376677e-04 -1.877806579160111550e-05
5.288888774205214860e-01 1.968190521576765051e-01 2.851694764031783430e-02 9.654688486673213693e-03 1.318612119087124099e-04 1.942336806410175200e-03 -9.097382044833624763e-05
4.229570276704332499e-01 9.138592327633014711e-02 1.550353294258885288e-02 3.280624086330165452e-03 4.708585410504383898e-06 -2.407303695267157934e-04 -2.291775049679657284e-05
5.944204031957461831e-01 2.681873302861457753e-01 1.952631318208685601e-02 2.851936761780433233e-03 -9.083016702413770435e-06 -9.620355952437077045e-04 -1.924676659238310373e-05
5.974111534667259082e-01 2.774721801133165910e-01 3.965804141476622635e-02 1.856962577630009992e-02 4.780599709870368935e-04 6.865283501536068554e-03 1.593871971111639901e-04
4.808412524315895387e-01 1.383583836196621286e-01 1.599046686974286979e-02 2.452609404394700144e-03 -7.730710286196037083e-06 -7.004093109260180411e-04 -1.327200426663081695e-05
4.771271041325207962e-01 1.415886237283711657e-01 1.612795556405184974e-02 2.626712572983138597e-03 -6.397480141600858079e-06 -6.561675230965167667e-04 1.585447192677663647e-05
6.070037082187845767e-01 2.834803867238572805e-01 2.793355279824356191e-02 4.132521790828424559e-03 -1.220389975938265458e-05 -1.216825294524521463e-03 4.269017066196636990e-05
6.154557946005657643e-01 2.914316552098958346e-01 2.523177457358378659e-02 5.086534179982986174e-03 1.540157138179245640e-05 -4.595804838448749874e-04 5.552809815474625402e-05
4.370573725261540643e-01 1.053241643942913475e-01 1.607618530613887792e-02 3.294515355652940288e-03 4.718760206292170776e-06 -2.625483152743250735e-04 -2.350717707318162859e-05
7.778221006844494578e-01 5.039328223558292574e-01 2.919012410597329049e-02 3.626777189545766968e-03 -3.065989864727272429e-05 -2.291853636387385009e-03 -2.127161024391304960e-05
5.462295585027057143e-01 2.154297707148268570e-01 1.839241380568524056e-02 2.456886708415518660e-03 -1.322706338389080148e-05 -1.023274103940752505e-03 9.890057405510771816e-06
5.047165309465885263e-01 1.751371898203980260e-01 1.720777515838653113e-02 2.712282336666102436e-03 -5.183293115799108357e-06 -6.587247461965032051e-04 1.778981256065722318e-05
2.012564722961809771e+00 3.749894145038529913e+00 5.047328441945111877e+01 5.026328281940499210e+01 2.531668477130197061e+03 9.732889501322752324e+01 2.571976698815888085e+00
5.873544093392595311e-01 2.569684512512966923e-01 2.053279753413257691e-02 2.564051441210186359e-03 -1.857542919519924183e-05 -1.299663051653813552e-03 1.036692116575316160e-06
4.570478182473045603e-01 1.295267925787952357e-01 1.470565046742721219e-02 2.483115089270524281e-03 -3.629599353129810795e-06 -5.050321022920900398e-04 1.455944635847077130e-05
5.477169525600599220e-01 2.193290905611169350e-01 1.716032438816309305e-02 2.194831835214888088e-03 -1.264809472331438866e-05 -9.867505541872345111e-04 -4.632938148136315591e-06
7.828845362920976436e-01 5.092816998345381929e-01 2.890267578062301335e-02 3.884921874574114465e-03 -2.291969729503629891e-05 -2.010088475281607626e-03 -3.419585664756863674e-05
4.252264785509106138e-01 9.221636937137954459e-02 1.589275271788288119e-02 3.343793856941148970e-03 4.483685675676873952e-06 -2.575645784155786199e-04 -2.395988298680628371e-05
