3.917235308991519060e-01 7.867134511635284766e-02 1.380476820900856591e-02 4.423150573264747996e-03 2.616912004170517616e-05 -3.231079833531594206e-04 -2.257835364215386679e-05
6.300962691858074116e-01 2.197741607780036577e-01 4.276000634027168901e-01 1.615613208786043364e-01 3.512779035393721189e-02 -1.777806622705259063e-02 2.385924255873357949e-02
1.896279096603393555e+01 1.521106545509903754e+02 2.491624982025693498e+03 9.008812811052019242e+03 3.955991900143567473e+07 1.032227524476592953e+05 1.602337338309019804e+07
2.258433129561550601e+01 1.463263196879821919e+02 2.373766314018146204e+03 4.751290121374913724e+03 1.527183237023605965e+07 5.439482041539713100e+04 -4.623793724285701290e+06
4.629478378120975290e-01 1.023311925510569376e-01 1.150228220519113748e-02 5.069197469742801193e-02 1.080648093142497213e-03 8.662852532243369569e-03 5.748996358938864015e-04
6.358428824190364148e-01 2.488399373186353514e-01 3.085322673127753879e-01 6.481458909784123534e-01 2.873513385675242615e-01 3.064215329850596414e-01 3.790609366765276822e-02
1.365905726154895250e+00 1.000232124200468808e+00 3.775098787809283607e+01 5.754223889986224805e+01 2.676822288380010832e+03 5.628849872594684456e+01 1.651266564349018608e+02
4.206903848638883225e-01 1.245818087076232678e-01 1.804997833034410748e-02 1.859205986273868710e-02 3.341060310500251025e-04 6.484200743744438292e-03 -6.613234174027209046e-05
2.144166037613326736e+01 1.593088947720197623e+01 1.595264910827652238e+04 2.330782544713617972e+04 4.489505698965256214e+08 3.182652150815521236e+04 2.090947970085439086e+07
4.673555629018240620e-01 1.403891631016368491e-01 2.533017396812838398e-02 1.008456204585614704e-02 6.626705774397223634e-05 2.579942504335124009e-03 -1.469247822080990923e-04
4.116511074762363442e-01 9.050291665025225751e-02 5.186847818888009991e-03 2.808931877823870119e-02 3.361201625275208747e-04 5.858711052998760715e-03 -4.447516915960212128e-05
2.602619715400158640e+01 1.614442625151789343e+02 9.317745810835241400e+02 6.512228368678073593e+02 -1.539323087619617581e+03 8.273085840102687143e+03 -5.072801430245054653e+05
5.483733218268315168e-01 7.036282767111286252e-02 7.536918652479643321e-02 2.459897634829130153e-01 3.307607715794154413e-02 2.049632843248591629e-02 5.277244952942660924e-03
4.351789508947921803e+01 4.749360110306614047e+02 2.541869292668626258e+03 6.901260934894356978e+03 -2.212401600292714313e+07 1.485901338244176586e+05 -1.860141736507916078e+07
4.504005245276240799e-01 1.358714304371150816e-01 2.135347185870806186e-02 1.105098941780096981e-02 1.656128108759732324e-04 3.995790653988915905e-03 3.729527609675595983e-05
5.000824254154608850e-01 1.636241796875459176e-01 4.073013264459981325e-02 1.473597956804631806e-02 -4.820664288240183299e-06 3.634930304544252855e-03 -3.609837952138374834e-04
4.427016496326944273e-01 1.138834255457568528e-01 6.066450390833352802e-03 2.953077418017766714e-02 3.886663067008384680e-04 7.571745597588368064e-03 -7.187907228718416709e-05
1.406252624718175426e+01 7.829919287654195159e+01 7.430633106851254297e+02 1.540667066865002425e+03 1.600459487022849033e+06 1.355546647262889383e+04 -3.948682706761606969e+05
6.070114458919463374e+01 2.519545838629123864e+03 3.916060085624789936e+05 3.173065477527540061e+05 1.118424370809403229e+11 1.591678537593840435e+07 -1.452122343060567856e+09
6.558125896296296276e+01 2.907380856267695435e+03 1.345223455785401165e+05 2.033320561715912481e+05 3.322947471694123840e+10 1.092203931338405982e+07 -5.164320013978687286e+09
1.192205661702499864e+00 3.547638913803456973e-01 9.071919077234399387e-01 8.849827057307994238e+00 2.328234715419788969e+01 3.650985027964812613e+00 -9.312317657082287425e+00
1.342604524902393592e+01 8.954719252258634299e+00 1.577345189326391846e+03 7.556417664236856808e+02 4.109676275435357820e+05 1.493774119138165133e+03 -7.153170224508870160e+05
1.330516323252318500e+01 4.469656718393284223e+01 4.100824319578754853e+02 4.833527018766575907e+02 2.098741407731837826e+05 2.604041031226086943e+03 -4.755685557008140313e+04
5.159450071829336792e+00 1.353586991795813255e+01 1.794935025469113157e+02 4.105912418224673388e+02 1.110911633241772361e+05 1.510418032493998908e+03 -9.122538024704881536e+03
5.013025766738448130e-01 1.220788855956587426e-01 3.581364299675782875e-02 1.110892861622666261e-01 6.083518316522922888e-03 1.593088842382559683e-02 -3.476915815060909951e-03
4.639510031581073890e-01 1.681785130584510790e-01 3.310168861735386658e-02 2.794066527822592835e-02 8.496585448524332333e-04 1.144752021357636068e-02 -1.090380789628458058e-05
6.693444975234862371e-01 1.694260676714224867e-01 1.445251541029941134e+00 1.450037789494759366e+00 2.098739521271625552e+00 5.285404286609214353e-01 -4.082764098927227359e-02
1.575682971601339233e+01 8.058129218127476179e+00 1.685593263148102096e+03 1.120250102958992102e+03 7.668960054052363848e+05 -2.968539749614322318e+03 1.334763837698707124e+06
4.520794177946077519e-01 1.616658363833438083e-01 2.035358914109768394e-02 1.698464178406662237e-02 3.157887211879398313e-04 6.823727050570951858e-03 1.972837149422904026e-06
4.786610314180430237e+01 1.207824999425180977e+03 1.038125636251809738e+03 3.848447538414077371e+03 -4.155844026851626113e+06 9.523824710765085183e+04 6.472993870833404362e+06
6.384163672127128875e-01 1.924218170389797866e-02 4.276656398858820207e-01 3.566852000021556446e-01 1.094596845629040305e-01 -3.815313705330423966e-02 8.617210708122489959e-02
2.375256545436107913e+01 1.897472844602670534e+02 2.772381491054035905e+03 2.918003655940467070e+03 7.939780208535767160e+06 3.323097205269942060e+04 -2.417155688137088437e+06
1.608401492787237785e+01 5.445697666086331878e+00 1.017702553773254181e+03 1.276144735389284051e+03 6.741749094926231774e+05 2.701003110087600817e+03 1.288618762220912147e+06
5.428637231548857356e-01 1.331062077617315431e-01 1.139189507725310579e-02 8.887760727061616572e-02 1.855143646390454903e-03 9.095460709026453525e-03 -2.134546339894540651e-03
4.987388597598828577e-01 2.020214575655930878e-01 4.891657309813238208e-03 9.135642813323149305e-04 1.072364728758722192e-06 1.852381969488028110e-04 1.606153550511143335e-06
4.042031573062100924e-01 1.189062795620011992e-01 1.277816731924705414e-02 9.537270364613119680e-03 1.052748109855645601e-04 3.285739712236079337e-03 1.531591984956595404e-06
3.058273083652947832e+01 3.570713308987031382e+02 1.213090540958878773e+04 1.419368432088565714e+04 1.857386640947321057e+08 2.630210100900339894e+05 1.375133702021610737e+07
6.411936506843385342e-01 9.099097074998560575e-02 4.969672134637556637e-02 3.267565862975981839e-01 3.637478858939178356e-02 -9.306970158789745762e-02 -2.026528808068265783e-02
9.697992824839964499e+00 1.703134602232379180e+01 3.803643406207443149e+02 1.185560331389328041e+02 1.961797867523931200e+04 -2.106573176564970424e+02 -1.577852869501025634e+04
1.443397116794247648e+00 3.707924472246443837e-01 1.132217799486763354e+01 1.453345200182329222e+01 1.864309672894604546e+02 8.768178268292810884e+00 -1.309578377523834547e-01
3.321389894696580303e-01 6.781223368609311242e-02 3.115752853659335773e-03 1.374313984530903905e-03 2.842269099823222971e-06 3.527386696391454678e-04 -9.554770910160798742e-08
3.483983512188363330e-01 6.317094307183547530e-02 4.277122711787310037e-03 8.245015488581366190e-04 -8.948884456539579400e-07 -3.163439667960591339e-05 1.263524983475552617e-06
8.018653263086411576e-01 2.527434289674734269e-01 9.249165835936661306e-01 7.599397562937484363e-01 6.040887094793716550e-01 2.447824460181214148e-02 2.024758469996003341e-01
7.967695238747287689e-01 1.376692790562991098e-01 9.594776465581281721e-01 9.220729359040299444e-01 5.050349734963512915e-01 -3.326846342945786184e-01 7.050780797000982814e-01
9.852975028761061793e-01 6.404529988024819653e-01 2.553596330923477709e+00 4.736943767858917909e+00 1.631164306985488821e+01 3.788432378433336467e+00 -2.313758796510544613e+00
4.792409874022392491e-01 1.348732883271245853e-01 1.721438564445448502e-02 2.138366067577131269e-02 2.102919218879358996e-04 5.737278599191541172e-03 -3.522755603745378263e-04
2.962331373718355465e+01 1.848078748140478922e+02 3.633825512465278280e+03 9.263352217505147564e+03 3.196489539045576751e+07 1.258518948198905564e+05 -4.320555969701462239e+07
3.065088923533697240e+01 3.355351747899335351e+02 3.080155218676180993e+03 3.967740132806136444e+03 1.380068072886044160e+07 5.888457420030379581e+04 1.392827721767921001e+06
2.738854436569632256e+01 4.348414790414250319e+02 6.979666470912067780e+03 6.450382785905032506e+03 3.666180476466996968e+07 1.016324668704588839e+05 2.300309101450079307e+07
6.189273429651163116e-01 1.510844259292468683e-01 1.882020294738590560e-01 2.870006643881672925e-01 6.420527437788615954e-02 6.575652652801655673e-02 -1.807737152793523205e-02
4.582079299733837208e-01 1.385112950292041734e-01 2.048299476603880620e-02 1.086295361077014611e-02 1.454877027569426162e-04 3.771800264924365931e-03 7.134320019940113564e-05
1.109060980975634880e+00 7.754862618297191368e-01 5.341239675582174939e+00 6.705740724419466225e+00 4.012220666349423936e+01 5.639404060162913623e+00 8.880711952479565241e-01
3.752532447929975978e-01 4.910835566499825722e-02 4.401528685297723814e-02 1.621315880656681169e-02 2.579110196840897441e-04 -2.258814245558302472e-03 -3.479518755738327733e-04
1.990924550012328353e+01 7.008521797597141756e+01 2.266224017663038012e+03 4.512728303574880556e+03 1.439191742171877995e+07 3.582391215196012490e+04 1.067559302616948262e+06
2.012662436016312739e+01 1.555979847720017517e+02 2.069760437474309583e+03 1.740085928091925553e+03 3.012000216450601816e+06 1.834180226415393918e+04 1.353889883208722109e+06
6.883763797499993231e-01 2.182314584430888882e-01 2.044590125238761602e-01 9.333827127525157197e-02 4.255513546094189664e-03 -3.578244894044197572e-02 1.217167778007789691e-02
7.943513402463820228e+01 4.318942035221991318e+03 7.630406530065096740e+04 2.329387275965518493e+05 2.999466927350075150e+10 1.496221786693072133e+07 -8.047011514754333496e+09
3.486724478786996428e+01 4.527379325994667738e+02 6.805930936079934327e+03 1.683682220349875570e+04 1.326144440409246087e+07 3.123867879309754935e+05 -1.797443056349045038e+08
3.490495842864983445e+01 6.753556111020207027e+02 3.366479210336153756e+03 1.126457833509770353e+04 5.464137074276567250e+07 2.789600706764142960e+05 4.273484196320854872e+07
6.079101811121537802e-01 2.340369453385953147e-01 5.069859786068691143e-01 7.217241519584473020e-01 4.359085367175665748e-01 3.243590272241020367e-01 -2.404040152038006140e-02
4.666119495934771266e-01 1.274528341877834148e-01 3.155266609971347364e-02 7.412621742640893019e-02 3.543208558932520007e-03 2.059130013493964267e-02 -5.450750214082158117e-04
4.541365209318182217e-01 8.711197490982833247e-02 1.487281227011706501e-02 1.751389159070667126e-03 8.726836239206001681e-06 -4.678120258291395129e-04 -1.934238463749824823e-06
1.170952235860047930e+00 3.214271547461996503e-01 4.700577983664741666e+00 7.204448844165923127e+00 4.160939520417154824e+01 3.921228821455547742e+00 5.137492365383169002e+00
1.221624644469454735e+00 2.618861108090091983e-01 1.028971650961858053e+01 7.806466286943095412e+00 6.916212704533306521e+01 2.836958605673868483e+00 1.057166023772642660e+01
2.115912520400054575e+01 1.653078676300966947e+02 2.773799057662533414e+03 2.994958999779802070e+03 8.550976080534027889e+06 3.620852955831251165e+04 -1.181728889802178601e+06
2.426264180632077228e+01 1.271743528254630036e+02 6.459412425498594530e+03 6.073227268985881892e+03 3.588602493174502254e+07 6.680819824754291039e+04 -1.261494561096920818e+07
5.615008593943545678e-01 1.797511413883092490e-01 1.444433632877250850e-01 2.134958109697844275e-01 3.747501215683177872e-02 7.689997685290028695e-02 1.111820360955270790e-03
5.008065515315454075e-01 1.538550130343903713e-02 9.738057494582103013e-01 1.125968056222865998e+00 1.146325364065449159e+00 -1.374098670766341623e-01 -2.757762935975954788e-01
6.696316028515945096e-01 1.700930425468179241e-01 1.664514627877331648e-02 2.091597170747778733e-01 2.282332330140290737e-03 5.233543563518554265e-02 1.212842206244665183e-02
5.827606164059717653e-01 1.627486833519634080e-01 1.170507802310751244e-01 3.899453978546030264e-02 -2.039738980222995796e-03 -1.226259322912891768e-02 1.667298478972270050e-03
3.591461144141903650e-01 5.308009474544880119e-02 1.803106339117961296e-02 5.515128158211337478e-03 -9.789425901578172479e-07 -1.176620031787864191e-03 5.498893058942066998e-05
2.666716201793182961e+01 2.265975427028199647e+02 1.872553657264084541e+04 1.391626158728911105e+04 2.245093664956157207e+08 1.870744506101268344e+05 7.868233066011756659e+06
1.256269299297528974e+01 4.880811277512643187e+01 5.429394470294803341e+02 6.310286463365131340e+02 -9.819628621250911965e+04 3.145877954180834877e+03 3.560673431966599892e+05
6.954000224547584041e-01 1.762384341647078023e-01 1.992220632675419448e-02 2.798668058230743272e-01 3.177751823480966069e-03 7.643797061313081787e-02 2.065454804941643102e-02
1.677284451785682862e+01 7.216664357990737244e+01 7.292478956962460188e+02 1.428555022264754371e+03 9.692681631597394589e+05 2.122519399591031288e+03 -1.089281018649802543e+06
4.665166189139091646e-01 1.721539960274381109e-01 1.670584188512215865e-02 1.316316676958238438e-02 1.945525229375875639e-04 5.452163671070137281e-03 1.585777060362920086e-05
8.999039562799937553e-01 2.865924951966442036e-01 1.062826604399382813e+00 9.409170164843689843e-01 9.245447565952779057e-01 2.624063459885918603e-01 1.748423134160624892e-01
1.145824632833404744e+00 4.207071621115972271e-02 4.972073834650198032e-01 4.061662675947764534e+00 4.341531279530625120e+00 -8.096640187956087864e-01 3.803527332868811506e+00
3.789831194827388283e-01 1.004906846973244589e-01 2.611519575855737307e-03 2.469527030341797224e-03 6.165005229700081695e-06 7.788295055863566144e-04 1.150512393083848422e-06
5.762045059456895046e-01 2.096024104142391598e-01 2.791807908303994487e-02 8.258443357804921836e-02 3.646183091492373463e-03 2.867195851473418669e-02 1.558835244118375206e-03
1.139249196404792608e+00 2.549154777432149355e-01 4.243915280697586390e+00 6.206965443244594205e+00 3.176534911996828470e+01 2.672691436569119450e+00 -2.412304573680771558e+00
1.203679707982781011e+00 1.120746801711981072e-01 4.292243794044104277e+00 5.647287437867506199e+00 2.683605566360243699e+01 1.867978556484342079e+00 -7.271165276116748899e+00
2.629586920264479133e+01 3.028551337227845579e+02 3.138772000340034538e+03 5.379302352924463776e+03 2.064610008560221270e+07 9.197224451380629034e+04 7.894348951618400402e+06
2.221648489837139806e+01 2.074007032397169610e+02 1.869814006662836618e+03 1.669098869147636151e+03 1.441373483389948728e+06 2.388154620700249870e+04 2.572341772215383127e+06
1.083282416743893695e+00 9.617089511602990026e-02 3.001106616121712811e+00 5.336776075366874039e+00 2.115603928174477844e+01 1.588806450384959934e+00 -2.929714508041238119e+00
4.426231225255629065e-01 3.434309667206313088e-02 7.383462063760834471e-02 2.766719027129226072e-02 5.151721442089751040e-04 -5.126954569162293224e-03 -1.139431471509857628e-03
2.590954543331865523e+01 1.750616423792100136e+02 2.081344329243517222e+03 3.835914544187668071e+03 1.003420240069994144e+07 4.851513871306753572e+04 -4.097706982547355816e+06
3.143958136735172104e+01 2.116100958794812641e+02 5.984070690833047411e+04 6.665440253350941930e+04 4.174659317431907177e+09 8.753998856905599823e+05 5.413094765826382637e+08
3.502101207707234432e-01 7.945120284756472528e-02 1.640767384094615061e-03 4.540557850248066367e-04 3.655110160263103537e-07 1.251973729728335133e-04 -1.414066471854216070e-07
3.694700869736750048e-01 9.742161476809541032e-02 5.177987623870637657e-03 4.408368493685675855e-03 2.106085541087782435e-05 1.369056879044831723e-03 -2.087506215300274150e-07
1.430458118154634306e+00 7.179124566905311644e-01 1.410879670673678454e+01 1.430729538776346033e+01 2.025914145780664057e+02 8.804532340327190454e+00 1.664142395865043511e+01
5.086381452925784474e-01 1.014831689931180864e-01 9.454085517925450016e-03 3.096260231235893265e-02 -2.255373629526228913e-04 1.103403245698460905e-03 4.793344057964930762e-04
5.792736402898952530e-01 2.184705729156457277e-01 1.322925754968561421e-02 1.162821111787248618e-01 3.855231932183581390e-03 3.021436952762810574e-02 -2.436741044216603983e-03
1.886730459688157424e+01 2.638017734392661851e+02 8.916896343080017687e+03 1.656306579695316032e+04 2.012864318088785410e+08 2.683627734072098392e+05 -8.021450484297126532e+05
4.969321501439776245e-01 1.547102059443949129e-01 2.581395023778703529e-02 1.935014690129392700e-02 -1.035823962044407414e-04 4.940876019105939349e-03 -4.198796994066990697e-04
4.274929126681470404e-01 1.387657712327582948e-01 8.259170948829804362e-03 5.133092027821278824e-03 3.304044919231810258e-05 1.907944552167022134e-03 -5.037983084665081723e-06
5.619606409162232197e-01 6.748669809614307735e-02 9.056017441368548193e-02 1.050665912193957108e-01 5.960473771207423430e-03 -2.700668631451690754e-02 8.337089423271302341e-03
4.480828037601610747e-01 7.988678916809720254e-02 6.207585181759259392e-03 3.827046035043579764e-02 4.013191589482624543e-04 5.249489047478580507e-03 -4.323082855145121066e-04
3.984962836228852501e-01 1.109260573551059115e-01 1.025184251791280525e-02 6.543700765913947233e-03 5.230421831780124829e-05 2.177697305049043023e-03 1.169826180174254223e-05
3.279077113612888783e-01 5.942173518677280192e-02 9.942321686072806480e-05 1.477667855101002375e-03 1.391565530971251650e-07 3.345827179005610901e-04 5.490205666325026004e-07
1.853394172112214022e+01 1.730035022445485708e+02 2.390273481991755762e+04 2.612674438769237895e+04 6.527079964585546255e+08 3.427970296761373756e+05 -1.614433165403150022e+07
4.636884129450529191e-01 1.535192722699644796e-01 3.062004510609331320e-02 2.030950283182407848e-02 5.062101333686678823e-04 5.505307367881497917e-03 -1.615387494161333410e-05
7.262612616767937235e-01 8.320343086817585943e-02 2.000265836445563661e+00 2.992945383546374849e+00 7.320953600377604786e+00 6.216118801675950545e-01 1.752463277333394798e-01
1.816063343562390031e+01 1.954390324306538105e+02 3.980729927603453234e+03 2.211555910661293638e+03 6.557537588910809718e+06 3.089765634197829786e+04 -2.386662111690521706e+05
3.829468107223510742e+01 7.743105620185490352e+02 6.129520169056981103e+03 6.402897378580221357e+02 1.266649186432290822e+06 -2.153970919540131035e+03 6.782369898489071056e+04
6.637237651952054840e-01 2.706082010407230842e-01 1.231260210395741073e+00 1.452695544849779363e+00 1.942610617597636091e+00 6.903322315703801504e-01 -2.979358183094293899e-02
4.305944718378449387e-01 1.216683150973302818e-01 4.034529521323146350e-03 9.505904648063751017e-03 5.823562693683323872e-05 3.306777234105802779e-03 8.612226714503790233e-06
7.415560503536626769e-01 2.292555341097971544e-01 1.380309705113297314e+00 1.541764958556240295e+00 2.242432268617818192e+00 6.126588088835772661e-01 -1.735103413499033964e-01
4.742285156793479839e-01 1.655897845790366418e-01 1.549893254781704172e-02 2.583911620907686918e-02 5.156379015344905031e-04 9.984259975677893181e-03 3.874463481043268886e-05
1.749288298751247339e+01 1.214060390537908205e+02 3.562129655281545183e+03 3.522861702442155547e+03 1.238038729326283187e+07 3.709378473447397846e+04 1.569935165068747709e+06
5.849175443011596798e+01 2.279353053928247391e+03 7.218183040295843966e+04 1.604887055470094201e+05 1.723107388822891998e+10 7.335636191574880853e+06 -1.210092595320034027e+09
2.663848070228462461e+01 9.842766567598873451e+01 7.423567839631188008e+02 1.676260816981297467e+03 1.087284310279616155e+06 1.439736541810528070e+04 1.521296967399863061e+06
3.351606548749175296e-01 7.312199903931582146e-02 4.001321331003896559e-03 3.142392849442845852e-03 1.114091983521354334e-05 8.470710776253458432e-04 2.020107788252200061e-07
1.583753643717902548e+01 1.831538981337075711e+01 1.296639719163260452e+03 1.171053047521596966e+02 3.079700930078512101e+04 -2.887880408177483673e+02 3.367301116136484779e+04
2.599200322150575815e+01 2.890451167603280282e+02 6.694363704808277362e+03 4.810829905727533333e+04 8.572476182905384302e+08 8.134304537330179010e+05 1.024307577676833421e+08
2.668310568231521174e+01 1.325560225980817108e+02 2.466060099048244865e+03 9.987509574784791766e+03 -4.542491548961769044e+07 1.147458922664447018e+05 -1.983451656041462347e+07
4.212093931954939974e-01 1.216508723701970884e-01 8.737649655495789702e-03 1.312156654220992223e-02 1.383195418242471459e-04 4.411687766244934764e-03 -2.465584572124049600e-05
3.004324112386179735e+01 2.236888016435854922e+02 1.343765333314160443e+03 3.981911702854283794e+04 2.822787009284005761e+08 5.302393323391838931e+05 7.182113787103106081e+07
1.666602573703982415e+01 1.728262888286177912e+01 2.954850455838834932e+03 1.003005694101431459e+03 1.674533347026570467e+06 -1.259436185517470790e+02 -4.213227024879637174e+05
4.652615008007693342e-01 1.504504132339023748e-01 5.366254419907857606e-03 1.783057232604337225e-02 9.253586871274787620e-05 6.068357598044370887e-03 1.478433844810645131e-04
8.475778114630884152e-01 3.647408413191745025e-01 1.629607922088228023e+00 2.581521203416838439e+00 5.292203003565989050e+00 1.395417751809943097e+00 1.679604665912730610e-01
5.362109483053981762e+01 1.209194067336923581e+03 3.111264240410507045e+04 1.349625477547581249e+05 8.703219839362476349e+09 4.680181778060826473e+06 -8.596745028357677460e+08
1.492934759754087182e+00 9.912400715790434802e-01 5.096751653093985368e+00 1.354946389401753493e+01 1.120291764760252562e+02 1.341215413771736031e+01 1.130168711983073848e+01
1.806482192678569376e+01 2.646273535419953049e+01 4.980051114494559442e+03 3.596109732507402441e+03 1.347987459706739895e+07 1.443161600726428878e+04 7.063271811089674011e+06
2.758732277635374430e+01 5.169495238049039898e+01 5.730607014354010289e+02 2.254990285700987897e+03 -2.351111213244187180e+06 1.017615573709366436e+04 -1.021432457402022672e+06
4.812143146857871812e-01 1.752178392576839439e-01 2.043649076401274703e-02 1.788862477330302458e-02 3.220516742481707067e-04 7.222593035315218873e-03 1.151937790222783733e-04
1.350873695251328499e+01 1.002745370833225103e+01 4.201039366725158857e+02 1.525660132076386333e+02 1.761249968847979108e+04 2.092775002977490431e+02 -3.437538334171094175e+04
1.627141011778533652e+01 1.627147039085023295e+01 3.045772673026260236e+03 2.481129471477447623e+03 5.845421250307157636e+06 6.895456777213804344e+03 -3.514498506782157347e+06
6.782768855084583270e-01 3.440792992765283054e-01 3.980270760902661631e-01 4.414988211334583412e-01 1.848760303459252019e-01 2.443917428804069925e-01 -8.605936419809889770e-03
4.110412368814452821e-01 5.510788898684118586e-02 2.581102262311981560e-02 1.936934391429563987e-02 -7.045977851395169352e-05 -3.424816054495456123e-03 -4.273167640484584664e-04
3.887604995312292644e-01 9.585874283719249267e-02 9.056653444685144189e-03 1.168144322227429935e-02 1.125327339287373501e-04 3.600489191183523993e-03 4.210378782941310959e-05
5.100547312339945849e-01 5.763215742321534801e-02 1.263140111022140466e-01 2.705057782883096493e-02 1.073722789315954655e-03 -1.742788095680532397e-03 1.160756780457680671e-03
3.640364889079705235e-01 3.216837742365864089e-02 1.581111086822432552e-02 1.284759814891631288e-03 -5.789645495819162157e-06 -9.226838062349320487e-05 -9.794380347850640197e-08
4.730809861055093046e-01 1.204593416043119036e-01 1.430901987300513267e-02 5.501721694624910758e-02 1.485173359785891406e-03 1.458970314996626758e-02 4.209033952518845311e-04
2.641590380799996751e+01 4.349935243427788691e+02 2.126761834164785796e+03 6.499073849891186001e+03 2.767570523282062262e+06 1.192167044523070799e+05 2.400318516599156335e+07
1.126324503453405734e+00 1.478001054641006964e-02 1.558664175984080025e+00 3.406612590113163641e+00 6.930626392007085634e+00 1.704615021761853866e-01 -3.685958531194426513e+00
4.844451393978986831e-01 1.068135023008959655e-01 6.876501768371467288e-03 4.220884219204000531e-02 -4.121131780115427651e-04 3.396051040104747405e-03 5.892933944610260827e-04
9.614434217360409818e+00 2.115903550126926902e+01 5.873811311279954595e+01 5.452419763118157903e+01 2.897192100530458447e+03 2.400727067277513811e+02 1.061787925214301140e+03
4.712155419572463533e-01 1.419100282606092500e-01 8.823094711378032078e-04 6.203322085534732772e-03 3.243919543175086617e-06 1.866177683817901722e-03 -1.414546691004009002e-05
1.396167878859762013e+00 2.100398754048529160e-01 3.526978594750060481e+00 1.118062585449858481e+01 7.020929064414407605e+01 4.261446361897579749e+00 3.690188106661267398e-01
1.046610424740149448e+01 2.764558177440778053e+01 5.207616403927494275e+02 3.584975209470816253e+02 1.466217710147014004e+05 1.202640916265379246e+03 -4.995767310088250815e+04
3.423170882853723640e+01 5.798796535518634983e+02 2.365509063272574167e+03 2.982122860794193912e+03 3.963566978719905019e+06 7.045459055931132752e+04 6.857396119566148147e+06
