2.814484948291850941e+01 2.116504595235812758e+02 8.043532821224305735e+03 2.654329690927942283e+04 3.816823016409037709e+08 3.832928982434236095e+05 6.885235276504063606e+07
2.943797500000000156e+01 2.374985852606250774e+02 1.730012396184558747e+04 1.834295836035915272e+04 2.614323068687451780e+08 2.407962675342952716e+05 -1.960233237813973427e+08
9.598411923044437799e+00 4.864268268892143965e+01 6.804638985799704187e+01 3.681931277105575617e+01 1.174882340457982082e+03 2.567899356966474897e+02 1.419913882166384838e+03
1.149695202445337117e+01 3.814521980726070183e+00 1.281004478645583902e+02 2.433389221364290051e+02 4.115160980042782467e+04 4.345854459232134559e+02 -1.234294064462653841e+04
1.131538094846713172e+01 4.390011063118883783e+01 2.800442016022981875e+02 1.976709878054637670e+02 -1.630355931330235762e+04 1.302481182272204705e+03 4.355672498351399554e+04
1.506061513389408546e+01 3.048281270682854682e+01 2.688641059523112062e+02 1.299552112500194134e+01 -6.430401740658933250e+02 -6.704099580206427333e+01 4.202183382657436823e+02
1.190422031283378601e+01 1.830820285500983857e+01 6.220716652571628629e+02 5.625486872719129394e+01 9.767363027978402897e+03 1.674675025197824709e+02 3.916983855591901374e+03
1.308579021875529236e+01 4.194999022246956599e+01 1.717375576574282263e+02 4.802021033334746676e+02 4.274055112669833761e+03 1.209368311645439917e+03 -1.378351668050396838e+05
1.552527573529412308e+01 1.892708875338555430e+01 1.787992761531126007e+03 2.505674801755396857e+03 3.169344259247140959e+06 -9.912253600228337746e+03 4.252449058627389371e+06
2.931043818162180159e+01 5.019174614026804306e+02 1.191746434898303778e+04 1.725847088215201438e+04 2.422295843471785486e+08 3.533420345627155621e+05 5.086036458176209033e+07
2.650972799999995999e+01 3.271995663779842403e+02 5.862327120112716329e+03 3.070396754151879577e+03 1.264694272470647655e+07 5.440514535632902698e+04 -3.121503214902874082e+06
1.966284033751271920e+01 2.362923450703134449e+02 4.192212317291028739e+03 1.600523604447989328e+03 3.142431031919448171e+06 9.043833020846184809e+03 2.704309976188035682e+06
3.110339800317213133e+01 1.672669501393899054e+02 3.723433567340226000e+04 2.981965325532058705e+04 9.454269768277622461e+08 3.303397704192679957e+05 3.057334197921306491e+08
1.359791170699650031e+01 8.381819522052529692e+01 4.434508272459966065e+02 1.205844110174120658e+02 -2.538867441445347504e+04 -1.000480627844737000e+03 -1.153032780199551962e+04
1.188791990830080536e+01 6.620845281741530641e+01 3.543040336080475186e+02 1.158597994120173666e+02 -2.312871002734251306e+04 -9.385313880112461220e+02 -4.011448448323514185e+03
2.885975609756097526e+01 3.346919912259396597e+02 6.654666697365844811e+03 7.472706421596566543e+03 5.263741687129701674e+07 9.841141067667979223e+04 -2.490232157169949263e+06
1.556004954966416776e+01 1.846118422086287296e+02 1.010221062058446506e+02 2.648453096565162923e+01 1.266837254081958918e+03 3.196566699603894790e+02 5.213602954557595694e+02
1.122571990494072480e+01 4.211083359034079621e+01 5.665832442761845869e+02 3.715064065451242072e+02 8.738923544078547275e+04 -2.092621359995576142e+02 1.463360040333282668e+05
1.772962317784254793e+01 4.486069271413784776e+01 3.873710247256952698e+03 2.388474448447309442e+03 4.377290288202884607e+06 -7.640205820878592931e+03 -5.798422643559341319e+06
1.283155443846099075e+01 3.974236660571622082e+01 5.827499890603730819e+02 1.437515121816008332e+03 6.287345296978657134e+05 9.234643477693161913e+02 1.155760555383699480e+06
1.462463435254551136e+01 4.357928997389885239e+01 1.307089437844555050e+03 5.282971138923444414e+02 3.091483105317557929e+05 3.291531466661720060e+03 3.116940715453126468e+05
1.359155739721537515e+01 5.606936304649888569e+00 2.566369768747707667e+02 4.097867665951083609e+02 -1.197284436182441423e+05 8.820583693270382355e+02 5.766449620531255641e+04
1.735769611627679154e+01 1.181450665529854547e+02 1.663465216664286800e+03 1.200405411393929711e+02 5.363345909890288749e+04 1.102044914491314103e+03 -9.133996599772951868e+02
1.856544346733743822e+01 1.032110546467519718e+01 2.987911973187287913e+03 1.688472058027667572e+03 -3.006221257208125666e+06 4.576550480982537010e+02 2.312062319865294266e+06
8.800339021533275741e+00 2.023582364560976288e+01 2.253161646975229360e+02 1.482657221662278744e+02 1.349628766018770330e+04 5.891239353060208259e+02 2.349935538376523255e+04
2.611923569826092972e+01 2.638530890796191102e+02 4.878255248011104413e+03 1.212255154849338214e+04 9.310691607294756174e+07 1.499357349366399867e+05 4.651849308591946959e+06
3.296166104093236981e+01 4.957141165458193655e+02 5.639926715499496640e+04 5.763798963381046633e+04 3.258616499056830883e+09 1.040364764088264899e+06 -4.252365827744705677e+08
1.688095546533349989e+01 1.536684553746568582e+01 2.177073818113300945e+02 3.076773535101754646e+02 -1.514142853004924109e+04 -7.475120553038017306e+02 7.817778636445754091e+04
1.005508955683637673e+01 1.020199649705415013e+01 2.471558601085871771e+02 1.313846809971334721e+02 1.586331413014949612e+04 3.640173012347850090e+02 1.757536125515418462e+04
1.533651733170085940e+01 5.620092899887134763e+01 2.066427384081073797e+03 3.879763769858134310e+02 -6.907770734087054734e+04 5.055248940553783541e+02 -3.404533211456504650e+05
1.542483044715516805e+01 5.638704676391218129e+01 1.169453409343322710e+04 4.511448941968169493e+03 -1.875383335424537584e+07 -3.098810371285855945e+04 2.687215446403019875e+07
1.545110525093942755e+01 1.264389968788764520e+02 8.199206735543732520e+02 1.450366104250630315e+02 -2.386705151101401862e+04 -1.027584140223541908e+03 -4.395325194558016665e+04
3.392181481481478045e+01 5.189311678203014253e+02 2.251822598794915830e+05 2.032299742340560479e+05 4.336951828458882904e+10 4.459901803753050044e+06 3.039746447503263474e+09
1.479092621178187983e+01 5.211253443289202636e+01 6.089629452445140032e+02 6.223052604995992851e+02 2.163161647341748758e+05 3.766523363623248770e+03 -3.161726547227237606e+05
4.864018149763489163e+01 1.108695936625800414e+03 2.126692180589911877e+05 1.969034463345130207e+05 3.972467038110321045e+10 6.374942141855653375e+06 6.745110909897340775e+09
6.927942490400130993e+00 6.544321818909282662e+00 6.741603781151325192e-01 4.484118356491470081e+01 -6.758010220907429755e+01 1.098611105140689403e+02 -2.371026160292030340e+02
1.590357346000561023e+01 3.872777817810099776e+01 5.406221727602767260e+02 1.867817448278739221e+02 -3.323354016217874596e+04 -4.217345538714362192e+02 -4.917729182111054979e+04
1.719490809219954741e+01 2.167341074667998413e+01 9.838101173103090105e+02 1.985198425849924433e+03 -2.762313384333094116e+06 7.717553261622997525e+03 2.581714386714627035e+05
1.886127864797198939e+01 1.634423080723414614e+02 1.771842360879921614e+02 2.242063944185451874e+02 4.007593426299675775e+04 2.594709137016431214e+03 1.977063748655874588e+04
2.680910826818652026e+01 7.173304113196093112e+01 1.948079529502665901e+04 1.461783495272364780e+04 2.368640420677066743e+08 9.946066522100826842e+04 6.888223118857894838e+07
5.088467017313169549e+01 1.263833892723402414e+03 1.074743107732246426e+05 1.252513677694893850e+05 1.451540840140897179e+10 4.332738899158797227e+06 -6.946838501108627319e+08
1.224929947086936366e+01 4.054958504117526985e+01 7.300302547553775184e+03 2.145941956182484319e+03 -5.650829986717147753e+06 -1.324469513877740246e+04 6.341231407070245594e+06
1.328038707200001234e+01 7.990725468960496869e+01 1.466293023895016745e+02 6.944699888056258885e+01 6.984885107719407642e+03 1.866225361822624791e+02 -5.680280234508886679e+02
1.575965695165762881e+01 2.924128860786450090e+01 1.951365047095780255e+03 1.016961387076506867e+03 7.738385569429129828e+05 5.197802803206001045e+03 1.205622738328107633e+06
1.495643301659814561e+01 2.801541789002378735e+01 1.158185000240091767e+03 6.319436836099242782e+02 2.883719014843808254e+05 3.243393468193714398e+03 4.573084823264771258e+05
1.671603236228565947e+01 2.029559180398573304e+01 2.563864979096048273e+02 1.786121221517147205e+03 -9.446379917644488160e+05 -1.509817274462003297e+03 7.540451804706749972e+05
1.254140642121411631e+01 5.682680843682361882e+01 5.185437786483372520e+02 7.398907043267521999e+01 2.800880931698756285e+03 -5.571143603167663514e+02 -1.421929530241694010e+04
9.855442721069799461e+00 2.070689955580279218e+01 2.267910652563029430e+02 1.057422658136940328e+02 1.537068844375602384e+04 3.330879419854615549e+02 -5.646965318213178762e+03
4.206388183924972424e+01 7.027417762476047756e+02 1.549742578082015825e+04 2.397500545934288311e+04 3.733743086452311277e+08 5.612012553677044343e+05 -2.723222243600426316e+08
1.198821868172696448e+01 2.825676255691226935e+00 6.059789310273945375e+02 3.658604348193005649e+02 8.810780803610474686e+04 -5.629362096316835959e+02 1.480301041115807602e+05
2.563976940587323838e+01 1.277443009798539464e+02 2.604698568040564624e+03 5.606675098899779186e+03 2.038524983058186620e+07 6.803252376727126830e+03 -6.595909101096841507e+06
2.806743193156633964e+01 2.696223065145558166e+02 2.254761045993398875e+04 2.010238256279393318e+04 4.279702726039574146e+08 3.002708233945344691e+05 -2.590968219829708338e+06
1.440169898059168396e+01 4.793182889217985121e+01 7.571769834835019992e+02 2.973675170840505189e+02 -7.016267972820397699e+04 -8.925578539908786979e+02 -1.224234725299499987e+05
1.118428129796479631e+01 9.647757112588459449e+01 3.582086038439784943e+02 3.999380227386102433e+02 1.462025530435992405e+05 3.883118509551422903e+03 3.923658244833466597e+04
8.775234805184863873e+00 8.698539468700895227e+00 2.248094094422865510e+02 9.515196431598448967e+00 -4.151044012837334094e+02 -2.710722693570720310e+01 1.461531637825764278e+02
2.843691743892284407e+01 1.360257399910584013e+02 3.063778588890590527e+03 1.811792453896567531e+04 1.349811013396994770e+08 1.972885951472780434e+05 1.242239843748103827e+06
6.821314632673856693e+01 1.723542320183249103e+03 1.555070530322017439e+05 3.175072651093087043e+05 7.049653539359683228e+10 1.194153312667280249e+07 -2.781452900025024414e+09
2.434141975018777515e+01 2.671771189959205230e+02 4.459341064227814400e+02 2.933569021986645566e+03 -2.708750772387631703e+06 2.886128231486106961e+04 1.980057375794045627e+06
2.314512487671574448e+01 2.061722700786585847e+02 7.282281595817619291e+02 1.300544943684099962e+03 5.331554484725580551e+03 -1.614032539079234994e+04 1.265662546006389661e+06
1.453113091908233656e+01 2.353318701297733639e+01 2.705130727721354106e+03 2.150591807157377843e+03 -4.955577349081342109e+05 -8.383397338471835610e+03 5.163451649607173167e+06
2.783238500632837997e+01 2.055216839166963609e+02 6.804481010228379091e+03 2.169623902454691051e+04 2.615199708758432865e+08 3.047480630584363244e+05 3.318848503643463552e+07
2.855602208796465291e+01 1.887540941913923120e+02 3.258397531388350217e+03 2.315929232981928180e+03 3.421482448067125399e+06 2.860841551314150638e+04 -5.363563321960807778e+06
5.814566286411562146e+01 1.987370074403745093e+03 1.360433234963857394e+05 1.520040236834165407e+05 2.057320327888470459e+10 6.558320351680200547e+06 -7.385071476420394897e+09
1.400440683574514367e+01 1.392830789141927816e+01 1.785779407035935492e+03 8.656003492035681290e+01 -2.496967455095717742e+04 -1.276617726595217448e+02 -2.312371226891532933e+04
1.770683771217777291e+01 1.228659391426001548e+02 1.127732605516602462e+03 1.185969664784334867e+02 1.509650481589928495e+04 1.289152687866392853e+03 4.066030613531860581e+04
2.583768501521717553e+01 2.238120177405431548e+02 2.339191592533839503e+04 7.713221857253958660e+03 1.024522224817458242e+08 1.077381381896243547e+05 -1.542175820126852393e+07
4.698350690885239089e+01 1.669434258009384848e+03 8.373348849051093566e+04 8.646034263390333217e+04 7.353755914506379128e+09 3.528835802629749291e+06 2.032453676727566719e+08
2.111971965199856527e+01 1.934230715805352929e+02 3.449153186994107728e+03 2.528249060623423247e+03 7.343734077363454737e+06 3.200983850772316509e+04 -1.345444947021244792e+06
1.823921261367680913e+01 7.422192139841553171e+01 8.879188613378049695e+02 5.609970591389678702e+02 3.956995286114208866e+05 -3.987524915859143221e+03 1.374856490106409183e+04
1.002342679451927232e+01 1.591363950295827934e+01 3.675734682355134737e+02 2.227864932124017514e+02 1.177068931499192331e+04 6.974820032490008543e+02 6.265767767639650265e+04
1.126376227109148509e+01 4.814716275542529900e+01 7.875383579175166915e+02 3.362277770649602076e+02 1.601840723959683964e+05 3.489556353019684138e+02 -6.538803948923941061e+04
3.592344581618652199e+01 1.148243259016592503e+02 2.912500124374660663e+05 1.819458601888237754e+05 3.736707015377098083e+10 1.918367317561799195e+06 1.891972831585348892e+10
2.379252325925926925e+01 5.756157922733448373e+01 1.195769377561313149e+03 2.845913620841187367e+03 -5.170387490096513182e+06 5.887978597374613855e+03 9.106097331593900453e+05
2.602693473530634449e+01 3.173681580226004257e+02 1.970677655010505259e+04 1.421937495819107426e+04 2.264641958963798881e+08 2.312571726458863704e+05 7.329003618996474147e+07
1.746874813346369848e+01 9.119110361426623967e+01 4.211718387792076101e+03 2.992851462007029113e+03 5.335488950123691000e+06 2.545086485420685494e+04 9.189014291212970391e+06
9.492992981319494206e+00 1.015351724588119353e+01 2.608249053042956120e+02 6.528605268579568701e+02 6.495695357088444871e+04 1.849836706621878193e+03 2.614564574731336324e+05
9.640735667649833474e+00 1.284794968707858942e+01 1.356038111009125089e+02 2.201318820579790270e+01 1.099777758544269545e+03 6.958682200132841444e+01 4.868228979894132067e+02
6.544029047468715987e+01 1.845276235775716941e+03 1.094651900300251873e+05 8.747954165764675054e+03 2.228955436539838314e+08 3.603065659911509720e+05 1.536205586015875340e+08
1.394838786974715283e+01 7.573865066794537881e+01 1.214322000456885007e+03 9.441473860035334837e+02 4.423833847895646468e+05 6.155587072712984082e+03 9.090118138169893064e+05
9.190673110920645428e+00 1.001546624309650468e-01 9.283661640899808276e+00 8.886625782771939441e+01 2.464283624805843829e+03 2.367667980759140534e-01 6.652365355181692621e+02
3.770579736667212245e+01 2.579647729655269472e+02 1.899833091480836083e+04 2.669248578873880615e+04 -1.692007225093471408e+08 2.538324391272625071e+05 5.767869777100092173e+08
1.861051367884682861e+01 8.566352128700702906e+01 3.178335741215738608e+02 3.338417489193720940e+02 -8.995346935890663008e+04 3.058332339394693463e+03 6.110591830334941915e+04
7.503499365273988531e+00 1.145936397486169689e+01 1.324626107655649889e+02 1.333696384458446573e+02 1.015402126304264129e+04 4.151619790126698035e+02 1.453058338494386044e+04
1.028246607491515192e+02 6.759197287628468075e+03 1.024062296545462450e+06 8.166368426295332611e+05 7.376296758629235840e+11 6.604167434394346923e+07 -1.166991571102582397e+11
2.610339650107464848e+01 4.846363794602707458e+02 9.457839009325678035e+02 2.299940856217077396e+02 -1.007245463689781463e+05 -5.005158455467141721e+03 3.689215065938443877e+04
1.328553217243306506e+01 1.407414226004188507e+01 1.612981433304880738e+02 1.168512826395571551e+02 -9.962118864108209891e+03 4.379909073744267403e+02 1.257416137231349057e+04
2.643878064986280663e+01 1.637826052315328127e+02 1.363431180024601963e+04 3.800963947161259421e+04 6.544380811823911667e+08 3.779575932819203590e+05 -5.660585160882200003e+08
7.121604740740738748e+01 3.592568498319841183e+03 3.016878705700660939e+05 3.128880708070923574e+05 9.609282297636642456e+10 1.847287446762333438e+07 -2.700893929139270782e+09
2.285233888476973618e+01 4.879030553165811313e+01 8.556519096577587334e+03 2.136329625502179624e+03 6.978492685546346940e+06 5.283780513502886606e+03 -5.892939366521295160e+06
1.172846286784803027e+01 2.107955350995759147e+01 1.170735413220200201e+02 1.499211498656044661e+01 -5.963439458333664334e+01 -2.342395154288510639e+00 -6.252552743355729490e+02
9.680542120821218788e+00 1.178843236149353579e+01 4.115510158107189227e+02 3.715412631780689026e+02 1.303113376236030017e+05 1.151564421497835610e+03 6.424053272194111196e+04
5.429741916311211725e+00 9.010916820095034030e-01 4.725286549784163626e+00 3.667061175959852193e+01 4.405048215509330589e+02 3.350517200683511732e+01 1.974077614775609391e+02
1.772367832626254014e+01 1.883895883196861689e+02 1.720593411182368527e+03 2.525869660931139606e+03 5.098292084896123037e+06 3.416150366244799807e+04 -1.317171296533245128e+06
2.380062232884031204e+01 1.968591482754054880e+02 2.323920244520456981e+04 1.387463894628810885e+04 2.310790531162953973e+08 1.201331302623070515e+05 -9.312959164222460985e+07
1.588847054430679151e+01 3.179824659630350681e+01 1.048164568062014496e+03 8.434028867428985450e+02 5.364259687940457370e+05 3.876692828777497652e+03 5.840199575084592216e+05
2.732398747031688657e+01 2.961545273485053258e+02 3.485019008677563306e+03 1.078508735396655311e+03 1.516916131335289916e+06 1.763115145912384469e+04 -1.439070941126627615e+06
3.414762673532088399e+01 3.193544038473949058e+02 3.015403511109471583e+04 2.611661310419448273e+04 7.026851585107849836e+08 4.349891405117032118e+05 2.082884786029381156e+08
5.059133693123821729e+01 1.149543719712268967e+03 1.223649929683303199e+05 6.049764221865947911e+04 5.205008071342912674e+09 2.047631370682953857e+06 -4.306052903227806091e+07
9.294374904304554263e+00 9.369015504820008999e+00 5.642240119384965169e+01 2.768662828661046547e+02 7.651984866867944220e+03 6.821658860647731899e+02 3.374772913888895710e+04
1.184699339219472947e+01 1.857197172324769241e+01 7.061556884559635364e+03 4.756330771170683875e+03 2.756324730819338933e+07 1.893312689298155601e+04 -3.125713779269421939e+05
3.921212207407399575e+01 1.309182855069452955e+02 1.228214542799682822e+05 8.921786193835294398e+04 9.218495291419635773e+09 9.879176205386557849e+05 -1.497355448493943214e+09
1.827022306212029434e+01 2.393006320408921965e+02 2.370438325954719403e+03 2.293952116814069541e+03 5.224650044076569378e+06 3.457818490964786179e+04 -1.147710028225604212e+06
1.822257936652587063e+01 1.407480498649361209e+02 9.528175526180642919e+03 8.334709841564670569e+03 7.413598894482475519e+07 9.183222961015588953e+04 4.536350984700240195e+06
1.172272807350843138e+01 5.519612349714783761e+01 4.336129813139122007e+02 9.964030780013189315e+01 -2.848420338098869252e+03 -1.466631933354437649e+02 -2.051431881771278131e+04
3.529233918366610823e+01 5.362617922525537324e+02 1.097063354116172268e+05 7.450588004142840509e+04 6.733868986090770721e+09 1.724745484684810508e+06 1.691764460211057663e+08
1.769429444235746729e+01 1.445340002673765696e+02 2.826131096793564666e+03 7.346538820445157398e+02 2.939512070023962297e+05 1.621328120232459696e+03 -1.016939985818081535e+06
3.616045756977374026e+01 4.955504168508078919e+02 9.448922740767275172e+02 1.895037251200858373e+04 -4.377629129566527158e+07 3.561179389047796139e+05 6.718630993617658317e+07
6.089614558697638813e+01 1.593411071171385856e+03 8.706766310685960343e+04 1.564457254563867173e+05 1.728318724600032425e+10 5.859471122248637490e+06 5.888796606894813538e+09
1.288577327981226261e+01 5.921117500086559460e+01 6.835936153088671290e+02 4.098977710143199715e+01 6.067585326765864011e+03 2.669232407087476844e+01 3.203612119373145561e+03
2.353318300337388536e+01 2.307735048395685240e+01 5.360353312455050400e+03 3.098209947921615367e+03 2.133168643390730023e+06 1.315628651426833494e+04 1.244441255922427401e+07
1.825186685833503475e+01 1.411602228274506672e+02 1.743753158246402018e+04 1.206358256522951706e+04 1.641229821209048331e+08 1.026756506993544754e+05 6.064001949336411059e+07
7.531848703822067392e+00 8.954380981424201025e+00 4.026282111885750226e+01 1.023177474999227599e+02 3.613706450347635837e+03 2.890539022617363116e+02 5.483512259980256204e+03
2.643478894394518619e+01 2.617760692868483261e+02 8.066806914038490504e+03 9.931780020557771422e+03 8.760451076659049094e+07 1.238058378764775698e+05 1.510910668867405504e+07
2.051583314721368367e+01 1.767712265587155400e+02 5.263190706595342050e-01 1.279581290060403376e+02 -8.450126093949252208e+02 -1.652203521864407321e+03 6.234115403140011722e+02
5.360786574074076327e+01 1.502066945218198235e+01 2.635490255895112641e+05 1.345506614180249453e+05 -2.530824267670487213e+10 -4.625019258566858480e+05 1.212043628627630234e+09
2.705490085912606801e+01 2.729903786938800749e+02 1.974527041982436640e+04 2.811052376299734169e+04 6.562250607476496696e+08 3.733556832760420511e+05 8.927459661864799261e+07
2.291403239459613417e+01 1.100801292657896191e+01 1.155686075534916927e+04 6.822213181989939585e+03 5.899648703437937051e+07 2.261919695386134117e+04 -1.374733689396039769e+07
1.229280601858600797e+01 2.739099018027381049e+01 4.091863376454013633e+03 5.881807132607700623e+03 2.750477191105845198e+07 2.755671710277110469e+04 8.724690446818504483e+06
1.185227059199999289e+01 8.136953906519249813e+01 3.640048418973599382e+02 1.745287772873890049e+02 -1.932125631220063951e+03 -6.795710966955698495e+02 4.394756718286422984e+04
1.389568589884433081e+01 3.167581845940118157e+01 9.634045520235413278e+02 1.165743603752071955e+01 1.213310445535638564e+03 -4.332662410579484202e+01 2.325943744194979672e+02
1.045890114661603043e+01 5.883328220490489002e+01 1.127090151189588880e+02 4.419681890670299822e+02 8.687781192818569252e+04 3.319283224444578082e+03 4.671903386228871386e+04
2.447313064951159589e+01 2.509496283708107569e+02 6.056236804497809317e+03 2.712053583700085437e+04 3.281733536648194790e+08 4.160708356553979102e+05 -1.145023700070368499e+08
1.327785578172896308e+01 8.463009066044088513e+01 5.734246496728253817e+01 7.592747627682673794e+01 4.381921067964586655e+03 2.178447127718656589e+02 -2.428732310363817305e+03
2.103645766353741919e+01 2.145816879609733618e+01 3.625203484622722499e+03 9.648161511405123747e+02 4.622442030863634427e+05 4.315070179933169129e+03 -1.744188351996926125e+06
6.412193423220595889e+01 2.587145265717538678e+03 2.148495323330868850e+05 2.646658036599616753e+05 6.213257826352592468e+10 1.342470866009605862e+07 -1.107719026546895027e+10
1.664613956587795940e+01 1.390262305683697548e+02 2.131288033245060433e+03 4.193131717557745333e+02 -8.650680867573211435e+04 -1.334161916704603300e+03 -3.868411143629750004e+05
1.264653777167363735e+01 4.421092543346785675e+01 1.841212034833118025e+02 1.506889757601723261e+02 2.268475888644220686e+04 -4.905647216553000476e+02 -1.074303876349858911e+04
3.020941698933120989e+01 2.392382688913951654e+02 2.149605278846682631e+04 8.222799022630963009e+03 8.535711095090293884e+07 1.202219026559874183e+05 -6.830472253024716675e+07
8.762195839548859055e+00 8.480997245307873911e+00 2.381537614092409285e+02 3.998057789758158975e+01 3.453944911784953547e+03 1.164315323131869491e+02 -1.813811983291398064e+03
3.041590073731329014e+01 3.788860465617377713e+02 4.100137257517490070e+03 3.107159213715750411e+03 9.045244775033844635e+06 5.530149828303129470e+04 6.417083509289543144e+06
1.487513230082548965e+01 6.991551625444583351e+01 4.435100461334436517e+01 4.873604534154012526e+02 6.435365917103375250e+04 4.944121653729152968e+02 3.150536907410487765e+04
8.994055660620841053e+00 6.916093271107125240e+00 3.662116045926416632e+02 3.726213467991771040e+02 -1.789819152088075498e+03 6.670588477993733250e+02 1.376356475069368607e+05
4.675115471936508982e+01 1.369001508279573045e+03 1.916203762250761429e+04 4.078616520259498884e+03 -5.639861693050483242e+06 8.591407937411420789e+03 3.561323621913164109e+07
2.574778853082994345e+01 1.894824189470892577e+02 7.481574843221829724e+03 3.377380129423456765e+03 6.459054946506473236e+06 4.440593451586712035e+04 -1.570052264653943852e+07
9.784561224391536527e+00 5.200880746525633214e+01 3.468088370566662206e+02 9.829448133201771043e+01 -5.313042094220902982e+03 -5.072893576663220756e+02 1.735328990420288028e+04
1.350583389539977475e+01 1.095585583444924715e+01 4.959389880395306704e+02 2.558882008585420920e+00 4.470503370344914629e+01 5.263206567823050186e+00 7.944204936551649610e+01
1.040506587555190166e+01 5.244256334755642568e-01 3.524589743475636396e+02 5.040862875169697332e+00 1.228317640594833762e+02 -3.619055229295622844e+00 -1.733746464054004548e+02
2.557665308057332609e+01 3.016159175940387627e+02 2.884971199182354212e+03 2.020762793633123920e+03 3.461423419552323408e+06 3.256932279905032192e+04 3.438692516354390420e+06
1.891042073628849707e+01 1.619255174373898569e+02 2.393347934472029920e+03 1.577482139626815297e+03 2.651039606798333116e+06 2.003711454281885381e+04 -1.538519117644047830e+06
