6.009259259259259522e+00 1.569144375857358753e+01 4.735765000256706969e+01 2.924636742368688314e+00 -8.671280784549079357e+00 8.736147333387222602e+00 -3.330919103285176419e+01
0.000000000000000000e+00 0.000000000000000000e+00 0.000000000000000000e+00 0.000000000000000000e+00 0.000000000000000000e+00 0.000000000000000000e+00 0.000000000000000000e+00
9.270233196159141542e+00 6.377210640503865591e+01 3.366608114574835326e+02 3.241957951325464933e+02 1.070729122855542373e+05 2.585039546808519844e+03 2.597287044279124530e+03
9.312299954275262692e+00 7.241494561223369431e+01 5.455691771156664771e+01 2.333827771513343308e+01 7.623538133375727739e+02 1.203238652558770525e+02 3.351600607138079795e+02
1.851851851851865405e+01 2.375857338820343045e+02 2.919270436417606106e+03 9.683483208863551681e+02 1.552676539005537983e+06 1.167497426807996089e+04 4.898446968818758614e+05
1.122815202548930813e+01 1.148898189388684017e+02 5.355303288934033645e+01 4.060445790977907876e+01 1.892282981411455239e+03 4.273738467218740311e+02 -6.631521430494294123e+01
2.305000728969237578e+00 2.256103738391039837e+00 7.961850863492043739e-01 4.486897858100637182e-02 3.891459145145936827e-03 2.205438181952706217e-02 -7.535053250063259919e-03
1.711111111111111072e+01 2.548641975308641747e+02 1.007407407407407391e+03 3.584526748971193228e+02 1.989742864400752005e+05 3.717033379058070750e+03 8.250683737235177250e+04
7.472000000000001307e+00 5.493606400000001599e+01 1.597441812480000181e+02 1.544582522880000113e+02 2.426213357034517685e+04 1.143539423133696346e+03 -2.381493597791859429e+01
0.000000000000000000e+00 0.000000000000000000e+00 0.000000000000000000e+00 0.000000000000000000e+00 0.000000000000000000e+00 0.000000000000000000e+00 0.000000000000000000e+00
4.879999999999992788e+00 1.577088000000003376e+01 2.845209600000238481e+01 5.507123199998364527e+00 6.762593932224264393e+01 1.695039406079148847e+01 1.337407691136807131e+01
6.285945551102595452e+00 3.583937684448563488e+01 3.440598202480186441e+00 3.172352192097968260e+00 1.047993071258816933e+01 1.890544303871373089e+01 1.245370565410457431e-01
2.462500000000000000e+01 6.063906250000000000e+02 0.000000000000000000e+00 0.000000000000000000e+00 0.000000000000000000e+00 0.000000000000000000e+00 0.000000000000000000e+00
8.431630353117954613e+00 6.161245393187136443e+01 1.447715809544910996e+02 1.239181395031898774e+02 1.659448884307732078e+04 9.599980450802004270e+02 3.187558519938775135e+02
1.010937500000000000e+01 7.948852539062500000e+01 6.602851867675781250e+01 7.677444458007812500e+00 1.648958088217768818e+02 -1.771580934524536133e+00 5.185982814431190491e+01
0.000000000000000000e+00 0.000000000000000000e+00 0.000000000000000000e+00 0.000000000000000000e+00 0.000000000000000000e+00 0.000000000000000000e+00 0.000000000000000000e+00
9.791228399699470231e+00 8.264059522400016533e+01 1.560581359665113155e+02 1.314582018401521566e+02 1.881438673050055149e+04 1.178838645643239715e+03 7.389073646045362693e+02
0.000000000000000000e+00 0.000000000000000000e+00 0.000000000000000000e+00 0.000000000000000000e+00 0.000000000000000000e+00 0.000000000000000000e+00 0.000000000000000000e+00
4.596543951915836423e+00 1.360669827344347382e+01 5.138659634582583635e+01 2.790703903277892906e+01 1.055470032557427885e+03 9.288369539514644657e+01 -5.313617357077657744e+01
3.258544921875000000e+00 4.552670061588287354e+00 1.066402767144609243e+00 7.178705225815065205e-01 6.006131215418333280e-01 1.459503542205979443e+00 -1.837806838114977026e-01
3.093505859375000000e+00 7.423561155796051025e+00 1.204035931831458583e+01 1.065551099932054058e+01 1.206639625423645441e+02 2.432895009654110652e+01 -2.635451072232561920e+00
2.675056348610067136e+00 4.729322473231237112e+00 1.635836159251971722e+01 1.247858159404140821e+01 1.780035728608879708e+02 2.609463034421684569e+01 1.003485604855242741e+01
4.138214015765026232e+00 1.062883093430325054e+01 1.525760656983261221e+01 3.803461197027167895e+00 2.367813186721176422e+01 5.466134111596027800e+00 1.669883991381461641e+01
4.561926357844733104e+00 1.135086246934258369e+01 6.478886425674657445e+00 5.788879015105875325e+00 3.541318021166397045e+01 1.950333362342730226e+01 -1.660614870596001325e+00
5.118634259259259522e+00 1.323587132415980083e-01 3.881088257246806279e+02 2.157131279692117403e+02 6.239938018861071032e+04 7.762759887825204430e+01 1.413189226372236590e+03
7.138825671370053527e+00 3.842528345331245276e+01 3.320172761980920200e+02 2.553306287964871615e+02 7.433725951783626806e+04 1.570257645168345562e+03 8.466658603214928007e+02
8.968888888888882249e+00 7.901255111111102281e+01 5.015125143703551203e+01 4.652547560822893047e+01 2.247330640865273836e+03 4.011471219157020300e+02 1.536199738556069860e+01
3.428125256842284863e-01 3.341874921965710260e-02 2.553549204195859883e-03 7.994274920658062805e-03 3.265303502069516603e-05 7.006472121594281436e-04 -1.543993537994954414e-05
4.860781341107872855e+00 2.176293057538951103e+01 1.449962347948020103e+01 1.166582426110831427e+01 1.517200474909279251e+02 5.371102801213424272e+01 9.513140425233457265e-01
0.000000000000000000e+00 0.000000000000000000e+00 0.000000000000000000e+00 0.000000000000000000e+00 0.000000000000000000e+00 0.000000000000000000e+00 0.000000000000000000e+00
1.843750000000000000e+00 8.447265625000000000e-01 2.927856445312500000e+00 6.534423828125000000e-01 5.527188330888748169e-01 4.966087341308593750e-01 7.151273488998413086e-01
0.000000000000000000e+00 0.000000000000000000e+00 0.000000000000000000e+00 0.000000000000000000e+00 0.000000000000000000e+00 0.000000000000000000e+00 0.000000000000000000e+00
1.250000000000000000e-01 1.562500000000000000e-02 0.000000000000000000e+00 0.000000000000000000e+00 0.000000000000000000e+00 0.000000000000000000e+00 0.000000000000000000e+00
7.413425925925925242e+01 3.057733046124827979e+03 9.153606107507114066e+05 6.114794307857670356e+05 4.453361554277363281e+11 3.206211520145146549e+07 -1.046926566740055084e+11
5.576817558299033806e+00 2.371023547298755219e+01 7.673928356689472707e+00 3.974206930753384270e+00 2.169476762240993040e+01 1.921455258179275205e+01 -3.320958441082158430e+00
0.000000000000000000e+00 0.000000000000000000e+00 0.000000000000000000e+00 0.000000000000000000e+00 0.000000000000000000e+00 0.000000000000000000e+00 0.000000000000000000e+00
1.317939814814815769e+01 1.182048624507031604e+02 1.081375781072009704e+04 1.068823817126082940e+04 1.147263611459840536e+08 1.137865499035819084e+05 -6.445352638088896871e+06
3.953703703703720151e+00 3.920610425239862140e-01 4.566054780774716448e+01 2.641252921302640289e+01 -6.714079760556741121e+02 1.475179650116503360e+01 -6.249403660356251748e+02
2.932944606414004785e+00 7.600438592763275381e+00 3.845688386666124359e+01 3.402490295353018013e+01 1.230637718005687930e+03 9.374091436280329503e+01 -1.907544579308239463e+01
0.000000000000000000e+00 0.000000000000000000e+00 0.000000000000000000e+00 0.000000000000000000e+00 0.000000000000000000e+00 0.000000000000000000e+00 0.000000000000000000e+00
1.461629629629630145e+01 1.847917862277091388e+02 1.387261303168304948e+04 1.488239374252393281e+04 2.137957414455792308e+08 2.006600120818940341e+05 -4.335334827966712415e+06
3.119999999999996376e+01 9.398374399999977413e+02 2.552168632319953758e+04 2.440283443199956309e+04 6.089944368821206093e+08 7.469020061171568232e+05 -1.737669532135292888e+06
4.876200274348446939e+00 1.328665611516594325e+01 3.273197563078194605e+01 2.066789112710675624e+01 5.370366154174521398e+02 7.219016088544670140e+01 -2.381108800057867825e+01
3.403598768722402856e-01 4.788973918014909070e-02 1.922847017337375340e-03 4.697935925305859908e-04 3.974290051442915560e-07 4.633303861577183343e-05 -2.035264804601313650e-07
2.625000000000000000e+00 4.140625000000000000e+00 3.515625000000000000e+00 3.906250000000000000e-01 3.859863281250000000e-01 4.121093750000000000e-01 -2.460937500000000000e-01
0.000000000000000000e+00 0.000000000000000000e+00 0.000000000000000000e+00 0.000000000000000000e+00 0.000000000000000000e+00 0.000000000000000000e+00 0.000000000000000000e+00
2.625399999999998357e+01 6.261959559999993417e+02 8.734426358400554591e+01 2.013103542400229173e+01 5.620911910326884708e+02 1.914973025708313230e+02 6.297872758544534690e+02
7.157750342935548460e+00 3.322211120331327550e+01 2.260374000044132572e+02 1.823674301593277391e+02 3.700652819917496527e+04 1.045260931005325801e+03 1.211824526259690174e+03
9.629629629629661736e+00 7.480384087791550485e+01 5.112091652694931554e+02 3.385891378346532292e+02 1.408615651429732970e+05 2.925255966325303234e+03 -1.221880946331955784e+03
5.481481481481515594e+00 1.975857338820320308e+01 6.316852105875533141e+01 6.774678656708561064e+00 -2.449519205448136461e+01 -1.368410039869272943e+01 -1.379896043649968078e+02
7.070312500000000000e+00 4.060105688777970556e+01 8.434953371683755563e+01 6.869380766472208677e+01 5.228898508043878792e+03 4.064820312741320549e+02 3.076189943722420139e+01
2.967592592592593448e+00 8.431091392318242228e+00 5.231178237565550226e+00 5.005793387694850161e+00 2.561573618358788451e+01 1.426356336621766197e+01 8.332103764408582691e-02
1.146913700923935853e+00 1.134433963513747479e+00 4.342189034593487151e-01 4.391502134331944363e-01 1.917646322428178118e-01 4.677379760827737876e-01 -9.649723340637503255e-04
4.038408779149527561e+00 4.275078512948837783e+00 1.205772926480022456e+01 1.419511891639115575e+01 1.816424603678723031e+02 1.552825306969728025e+01 -3.866753034304334591e+01
2.750026994924960277e+00 4.597147864481349266e+00 3.065516426961614194e+00 2.533097621503510588e+00 6.995550969440685662e+00 4.578088266251302940e+00 -9.426862308800092460e-01
5.610193283662682440e+00 2.608242650964717413e+01 1.633388572725188226e+01 2.765138506896918713e+01 5.875931552578116452e+02 1.412020087570336102e+02 8.303931248796232012e+00
2.984222389181065971e+00 2.954847165861064884e+00 1.627707024481052089e-01 7.029124973069794668e-02 6.099964692519189817e-03 2.062992845341767023e-02 -4.395516693878837554e-03
2.462500000000000000e+01 6.063906250000000000e+02 0.000000000000000000e+00 0.000000000000000000e+00 0.000000000000000000e+00 0.000000000000000000e+00 0.000000000000000000e+00
2.303999999999969628e+00 2.999296000000023277e+00 1.600371302398936990e+01 1.186257510400598214e+01 1.628905607279235994e+02 2.045060848026776767e+01 1.348403177294979827e+01
7.343750000000000000e+00 3.175097656250000000e+01 2.918243408203125000e+02 1.797686767578125000e+02 4.083890405483543873e+04 9.874570579528808594e+02 -5.248841866850852966e+03
6.708333333333332149e+00 2.956346450617283850e+01 3.203703703703703809e+01 1.592181069958848028e+01 3.346221104506427650e+02 8.593529949702791271e+01 1.316712899456383923e+02
1.250000000000000000e-01 1.562500000000000000e-02 0.000000000000000000e+00 0.000000000000000000e+00 0.000000000000000000e+00 0.000000000000000000e+00 0.000000000000000000e+00
4.430600583090381406e+00 1.805910221706943730e+01 3.871309509536076554e+00 2.447032966629378414e+00 7.493251044062446020e+00 9.855002127593710526e+00 7.593162134186078882e-01
3.415234375000000000e+01 1.122915786743164062e+03 1.484918653964996622e+02 1.419027998447418213e+02 2.059203354447055608e+04 4.455898163600824773e+03 -5.202125646587937808e+02
5.473108673603041652e+00 2.554771724446936787e+01 3.613963116489412375e+00 4.376309065112788943e+00 1.739212642122367214e+01 2.210033879500361564e+01 6.479167652637149999e-01
1.516034985422740711e+01 2.267020374163826659e+02 8.174316404974687202e+02 8.340357480807138018e+02 6.886555253687470686e+05 1.253717967744065754e+04 -1.222251591388339875e+03
4.726074218750000000e+00 1.385322809219360352e+00 1.168875324656255543e+02 2.481032600300386548e+01 -9.673767143733542753e+02 -2.584089289106509568e+01 -9.215719409179347394e+02
3.756481481481480955e+01 1.380323131001371621e+03 2.020045750139714801e+04 1.895064009551389972e+04 3.707785071560309529e+08 7.034371587603329681e+05 1.090043839968174696e+06
1.273984000000000005e+00 7.788463554560028923e-01 6.675217759956361130e-01 4.235542592057726097e-01 2.225465014404946484e-01 3.731552203105301113e-01 -3.456319098965182635e-02
7.774618371746120360e-01 4.608685072003564920e-01 3.463530556684817074e-02 4.809446272480976357e-03 3.147596124909505085e-06 -2.135239575999452709e-03 6.199305758878409772e-05
6.339594290007523725e+00 2.519803721125023088e+01 4.191397362088034129e+01 2.871041031249135500e+01 9.867594388216881498e+02 1.420706785025362251e+02 -1.350062681858368023e+02
0.000000000000000000e+00 0.000000000000000000e+00 0.000000000000000000e+00 0.000000000000000000e+00 0.000000000000000000e+00 0.000000000000000000e+00 0.000000000000000000e+00
1.568502503413742755e+00 1.709507254171438895e+00 5.069387013037921497e-01 1.681381977979164999e-01 4.743901399742209840e-02 1.366340305036194414e-01 -1.261719204698209112e-02
5.337340345604792091e+00 2.257895720215161273e+00 3.209685023076252719e+02 2.355098354843037782e+02 6.473403619353388785e+04 3.513990289451336366e+02 -1.470974241448522662e+03
5.250925925925925952e+01 1.648587534293552608e+03 3.238334017457959708e+05 1.627038967541787133e+05 3.515103838282139587e+10 5.401403943372916430e+06 -1.261808047583152390e+10
4.302075096881613492e-01 9.862602243560519844e-02 3.779902632760344036e-03 5.586441531538198155e-03 2.392193497900447019e-05 1.673961534048922124e-03 9.313565432729137010e-06
4.451524806554386871e+00 1.038843509241821295e+01 7.419508806639300680e+00 1.418540651367139249e+00 2.337634983334649696e+00 1.139961486433396232e-01 3.964116785186820202e+00
1.635742187500000000e+01 2.129890785217285156e+02 7.458794720470904167e+02 9.311362316906453316e+02 7.759185595828266814e+05 1.358913492733700332e+04 -1.026831656782724895e+04
2.324162532289141936e+00 3.102100968230211642e+00 2.567339553772295169e+00 4.493382218757084878e-01 4.813608898456923080e-01 7.895479552558762881e-01 3.478332437690646872e-02
6.062500000000000000e+00 8.191406250000000000e+00 2.594531250000000000e+02 5.582812500000000000e+01 5.943473876953125000e+03 1.594951171875000000e+02 -3.133845703125000000e+03
2.076634109691963825e+00 4.124046532972770046e-02 3.808782301778466106e+00 2.036119986174463881e-01 -1.244893423369412000e-01 -3.942115107091770376e-02 -1.290485736369413050e-01
2.807010736820682695e+00 7.020897478818784343e+00 1.720376114198217399e-01 2.088052298952665642e-01 3.956165731023723875e-02 5.167111552928219664e-01 1.037475848192833186e-03
5.711999999999971322e+00 2.267878399999994343e+01 3.301482700799223124e+01 2.774140927996907813e+00 2.082446729491291393e+00 -8.887599529972259660e+00 2.646714900813431726e+01
1.074074074074077423e+01 5.610425240054824059e+01 7.347711222883212940e+02 9.828278209620923178e+01 1.631004665321842185e+04 2.244557721366803946e+02 2.077370771166205304e+04
0.000000000000000000e+00 0.000000000000000000e+00 0.000000000000000000e+00 0.000000000000000000e+00 0.000000000000000000e+00 0.000000000000000000e+00 0.000000000000000000e+00
1.037037037037171761e+00 8.120713305900885137e-01 5.283747396132312257e-01 2.552456434398219232e-01 9.296656480592770111e-02 2.112294685499021274e-01 1.198920586765366697e-02
4.770263671875000000e+00 1.081210190057754517e+01 9.732297185371862724e+01 8.243798177252756432e+01 7.284372193823946873e+03 2.049729265403027512e+02 -1.209603355586794351e+03
6.623119212962967239e+00 3.266305230118451419e+01 4.607112700459543930e+01 2.681331070966659524e+01 7.531625847637533298e+02 8.819580985440640575e+01 5.664658156061700538e+02
1.375999999999995715e+01 1.195724799999997856e+02 2.859761663999936445e+02 1.304469503999942788e+02 7.510975571097864304e+03 1.156803644620759314e+03 -2.404948064073934074e+04
5.603498542274063077e+00 1.262773164242789115e+01 1.235693099256361904e+02 1.247975106661630207e+01 -9.321335471274181828e+00 -2.022637386151220440e+01 4.899882027333695760e+02
1.455735093309047379e+00 1.165419237119164730e+00 1.733536569150140982e+00 9.062596564051772496e-01 1.127437372199465049e+00 8.589738193654469223e-01 -1.385125243390071814e-01
0.000000000000000000e+00 0.000000000000000000e+00 0.000000000000000000e+00 0.000000000000000000e+00 0.000000000000000000e+00 0.000000000000000000e+00 0.000000000000000000e+00
4.119289940828348984e-01 7.298238956296043689e-02 8.268043537112145652e-03 6.440729611153108228e-03 4.697686170396092462e-05 1.283137985958324049e-03 -1.495569664436209887e-06
5.344999999999986429e+00 1.346358499999998415e+01 4.252861439999497861e+01 2.243752959999969576e+01 6.848928583840597639e+02 5.882121502719595441e+01 1.064212366051668823e+02
6.397462277091918281e+00 2.944923013561251679e+01 2.910930685912207139e+01 6.278993285412925118e+00 7.002844442118083634e+01 1.918468404744886158e+01 -4.798066392901097288e+01
1.132252186588921106e+01 1.142995936270176003e+02 4.575730340846460820e+01 4.887679669192885257e+01 2.309671732997208437e+03 5.225450526872074306e+02 -9.062520366959745388e+01
1.128985599999999323e+01 8.883324074393588887e+01 1.333656556007945483e+03 1.394620844475302647e+03 1.897896598964807345e+06 1.190426771456265305e+04 1.245839320265573479e+05
0.000000000000000000e+00 0.000000000000000000e+00 0.000000000000000000e+00 0.000000000000000000e+00 0.000000000000000000e+00 0.000000000000000000e+00 0.000000000000000000e+00
1.630591999999989605e+00 1.028203249664020991e+00 4.943087039260302684e-01 7.739081585910849437e-02 1.394108314981570146e-02 2.692516760410955390e-02 -5.896445039323396260e-03
1.404518950437318381e+01 1.810608866203708374e+02 1.277455765593029355e+03 1.177899670421654719e+03 1.444486824230005732e+06 1.574754167244278142e+04 -3.421548500742495526e+04
4.251594752081477857e-01 8.725874194109771442e-02 7.255900319932587390e-03 1.269565049973311877e-02 1.211566522618478083e-04 3.749982356101793680e-03 -1.298703169573166093e-05
0.000000000000000000e+00 0.000000000000000000e+00 0.000000000000000000e+00 0.000000000000000000e+00 0.000000000000000000e+00 0.000000000000000000e+00 0.000000000000000000e+00
5.247851851851856431e+00 2.631742132235944354e+01 1.467193516766173289e+01 1.596517295185317842e+01 2.443362697389808034e+02 8.125054911899609067e+01 2.110576673382716706e+00
9.486880466472303652e+00 5.460969494003368396e+01 6.772747497392904279e+02 4.594605604896829618e+02 2.554716596479199361e+05 3.263141604565611487e+03 2.063479183123250550e+04
1.064077503429355787e+01 9.679674651678180908e+01 1.647518767237911561e+02 5.034227205262588711e+01 3.941902149514773555e+03 2.461759751582118838e+02 -2.341200219786421258e+03
6.834019204389589319e+00 2.185909630608095000e+01 4.177236924606489055e+01 1.203127152111277098e+01 2.500681385965477830e+02 4.655394474632485924e+01 -1.010661532083907730e+02
3.621093750000000000e+00 9.023590087890625000e-01 3.337875008583069558e+01 5.266720056533814365e+00 -5.505113966872703202e+01 -4.961974010802806312e+00 -4.296133189996000112e+01
2.447483095416978927e+01 2.314913367363583063e+02 4.608232357704141009e+02 5.212181206443903648e+03 -6.288485053676317446e+06 6.966193569086764182e+04 5.070188795063599944e+06
6.090244102901298362e+00 3.620808486515060309e+01 7.272144973353545261e+00 5.019205282007206392e+00 3.021280101803904827e+01 2.702328835076270863e+01 2.592263804902286140e+00
7.330514652281719945e-01 2.620395184012071915e-02 3.569396223616937980e-01 2.314071983963103887e-02 -3.998927075533254992e-04 -3.680452427185809151e-03 2.064744902467629574e-03
3.643221574344044811e+00 5.312332791821350320e+00 1.644478088415532557e+00 9.943762028507234785e-01 1.262001884962793197e+00 1.393470678909644489e+00 -1.556934003286919443e-01
8.166400000000004766e+00 5.691742330880003919e+01 6.880701808410613296e+01 6.834320217767950112e+01 4.684908544612831065e+03 5.156046422896547483e+02 -1.264900695477602994e+02
4.370370370370405766e+00 1.488614540466380554e+01 4.760656404003796638e+01 2.918985926941894604e+01 1.087795381807970671e+03 1.118879725124656659e+02 -2.704764843760403892e+01
9.759999999999969589e+00 6.687232000000051357e+01 2.346988031999653117e+02 1.409573376000068663e+02 2.537834963525432613e+04 9.455758737407802528e+02 -3.640737561572840150e+03
7.851851851851860076e+00 5.886968449931424630e+01 2.036792155667276347e+02 1.818362038307113266e+02 3.499338165445145569e+04 1.386808642916104873e+03 2.121039714035559882e+02
2.447187928669433354e+00 3.457949236133383231e+00 1.008863937498579055e+00 8.061773728233370129e-01 7.175385525051921620e-01 1.482174020520811597e+00 1.171967668897805348e-01
6.169921875000000000e+00 1.868341445922851562e+01 9.864065292477610569e+01 7.223541572690010071e+01 6.071951883570493010e+03 3.119149669194011949e+02 -5.578087144511656561e+02
0.000000000000000000e+00 0.000000000000000000e+00 0.000000000000000000e+00 0.000000000000000000e+00 0.000000000000000000e+00 0.000000000000000000e+00 0.000000000000000000e+00
3.259259259259292829e+00 1.060631001371763560e+01 1.485393486764059645e+01 1.480028450946251795e+01 2.194450826059884037e+02 4.819431696082593675e+01 -6.392682036093333409e-03
9.707463293197172050e+00 8.491089187593273380e+01 1.591469597454936213e+00 9.638870871535075713e-01 1.179440550554277767e+00 7.773305127596877639e+00 -1.847250210016122551e-01
9.773458589785109396e+00 8.555416925058301558e+01 4.710747703510799056e+01 4.554383435321762619e+01 2.109248168392769458e+03 4.103581440925416928e+02 -3.553636576831240745e+01
0.000000000000000000e+00 0.000000000000000000e+00 0.000000000000000000e+00 0.000000000000000000e+00 0.000000000000000000e+00 0.000000000000000000e+00 0.000000000000000000e+00
1.259259259259293051e+00 1.322359396433542500e+00 1.122796321702040023e+00 7.911395620615515600e-01 7.456293309309219852e-01 9.091808874395983509e-01 -4.281859238629170950e-03
7.725947521865902168e+00 5.720082618636793370e+01 3.064873870630648298e+02 3.487492503954009067e+02 1.140177073882536060e+05 2.636275511205151815e+03 -4.846464859814004740e+02
8.118518518518524019e+00 5.281980927297674810e+01 5.072413272623881539e+02 4.603319458212677091e+02 2.224093328782414319e+05 3.332393147574435716e+03 -3.727347432645372464e+03
1.250000000000000000e+01 1.562500000000000000e+02 0.000000000000000000e+00 0.000000000000000000e+00 0.000000000000000000e+00 0.000000000000000000e+00 0.000000000000000000e+00
0.000000000000000000e+00 0.000000000000000000e+00 0.000000000000000000e+00 0.000000000000000000e+00 0.000000000000000000e+00 0.000000000000000000e+00 0.000000000000000000e+00
8.300925925925993099e+00 6.481792266803947200e+01 8.885920750145541547e+01 8.220187630194307360e+01 7.025232128399945395e+03 6.589988548901183094e+02 -5.463927255325802435e+01
1.094921875000000000e+01 4.404847717285156250e+01 3.101660424470901944e+03 2.090980309724808194e+03 5.306020729609999806e+06 1.316655261778738532e+04 4.495397045481216628e+05
2.063999999999996149e+01 4.033087999999984845e+02 1.536091775999990887e+03 1.174188672000010001e+03 1.576781872556080110e+06 2.330649363456011997e+04 2.239329728516004980e+04
5.707783340919420745e+00 1.781442936731086135e+01 7.974655914235424348e+01 1.151195494384599805e+01 -9.511461666646208357e+01 -3.369883224895673379e+01 -3.355836691437277750e+02
3.270823850705506075e+00 5.354196530254250241e+00 6.227134633449423973e+00 2.488495318429877479e+00 1.231970054733574349e+00 1.789107445213910852e+00 -9.718236877074764024e+00
8.450159143518538585e-01 4.776823268832793845e-01 1.334310180599354023e-01 1.362892745033089936e-01 1.833322145599379505e-02 9.389973958925816599e-02 1.295816808726460781e-03
1.390087463556852398e+01 1.635124140451685264e+02 1.043083484457743566e+02 1.787055600754535760e+02 2.436413889178746103e+04 2.285142904681419623e+03 1.298131987766493694e+03
0.000000000000000000e+00 0.000000000000000000e+00 0.000000000000000000e+00 0.000000000000000000e+00 0.000000000000000000e+00 0.000000000000000000e+00 0.000000000000000000e+00
