1.341537082590810925e+01 6.302548657700409507e+01 5.822831844974817983e+01 5.049776269815694718e+00 -8.234953416655513081e+01 -3.442718539718799775e+01 -2.677021500302803503e+01
2.167785520773788832e+01 2.147618929358654896e+02 2.150487132522696356e+03 1.071523140727709688e+03 1.539468429353256943e+06 1.537807356675624942e+04 -5.251119183649353217e+05
2.548931785849794096e+01 1.242752385360504519e+01 2.466296347917246294e+03 4.288496196361007605e+03 4.784763891203386709e+06 5.635526411159624331e+03 -1.310054509176040441e+07
3.050650904866937907e+00 3.159138244137369878e+00 2.128018484996650628e+01 2.844581916509244479e+01 6.961946628313507972e+02 5.016317881771406206e+01 -7.159936254614737550e+01
1.487872627552659424e+02 1.084119068986414823e+04 1.048989042961392552e+06 1.624344984926973993e+05 -5.666610814100208282e+10 -1.636494568642786890e+07 -3.584326445249784088e+10
1.337185993445730414e+00 3.541450364740771350e-01 1.455784209373763849e+00 7.823072467768921179e-01 7.210432965532809213e-01 4.389176710378971391e-01 4.208213446116082501e-01
5.287651477831562197e+00 1.249994939134680472e+01 9.540362921075912439e+00 1.871354119731767129e+00 2.577512789163680651e+00 4.140353851414093178e+00 7.475187155375355275e+00
7.757885416366862685e+00 3.008423145191525805e+01 9.275447107251024725e-01 1.222748677717539478e-01 -1.980109782838503779e-02 -1.335846500107921164e-01 3.610549160216695863e-02
1.313034436233115088e+01 9.577211606663219357e+01 3.592288862371472078e+02 6.627916699783186232e+02 3.210924342844108469e+05 6.398837599042449256e+03 -3.863405241699579346e+04
5.232778412104289956e+00 3.024147742521846816e+00 8.803601263652405251e+00 8.391084530303919209e+00 -1.948579901256759683e+01 1.450552991992361029e+01 6.943800513560334764e+01
5.294731361264206626e+00 4.497789205319906891e+00 1.226815988660615915e+02 6.139883516928646401e+01 4.920103961419318694e+03 8.009570198486321146e+01 2.046643754220082656e+03
3.308414075662089449e+00 5.210582788507026386e+00 6.117000216709077565e-01 1.372628465056749514e+00 1.251493699909472568e+00 1.143603961605528907e+00 -1.254225091520491109e-01
4.517882110001389506e+00 9.436017522180630834e+00 2.771103423782311559e+00 3.395624869922529432e-01 2.052184934416078910e-01 -8.162616975403524933e-01 -2.576449137184322891e-01
7.024581670761108398e+01 2.093456383885733885e+03 1.700748729079040349e+05 3.239187741893004568e+04 1.953263144818167686e+09 1.045613781796641648e+06 -1.401798233899171352e+09
4.743934298570133379e+00 1.217482606402157153e+01 5.233096379964290168e-02 6.397812807541389812e-01 1.204020044229107272e-02 1.273818309711272301e+00 1.164440722757697222e-01
5.661548285699778305e+00 9.397138642936585740e+00 3.246276166136919983e+01 6.899513111974517443e+00 9.558054425389373421e+01 2.114865030009573843e+01 3.906931734282449753e+01
2.416717116589643499e+00 2.700754764539000874e+00 5.644474583537780532e+00 6.309163267048500501e+00 3.763740463052067753e+01 1.032390409147147103e+01 -9.885285779849974919e-01
4.849981430875591748e+00 9.540214133214204750e+00 7.279622775072859042e+01 1.003452577512146178e+02 8.527958172445560194e+03 3.073254931860204806e+02 -9.092674354627141611e+02
2.184572613812103825e-01 5.039880231532247422e-03 2.466476804458343254e-03 1.452514833983228849e-03 2.687684112692176773e-06 8.475332423395533774e-05 -5.787131292423843476e-07
3.933886095709686170e+00 6.930426530707880950e+00 2.929892864971248301e+01 4.477482450754224885e+01 1.403313170291183724e+03 1.128575042393996455e+02 -8.128333334399915202e+02
1.361714345069200860e+00 8.436654941506359640e-01 3.314119652764412338e-01 6.068108368257459917e-01 2.427037370485417844e-01 4.744777068821354749e-01 -1.230667523763172427e-01
3.995267914520471031e+00 7.171211178943254438e+00 2.018401966432969985e+01 5.030048770146871107e+01 1.589839956769584205e+03 1.338986840367958564e+02 -2.029117074523102815e+02
8.402911499953408025e+00 2.446105707692898790e+01 4.756128588784998357e+01 2.314082251715454319e+01 7.643928246436666996e+02 6.914720396096153365e+01 7.124772031721073517e+01
2.618889264093356672e+01 3.808230804913025622e+02 1.721274477003789798e+03 2.206100730528617532e+03 4.231239922036271542e+06 4.242294654553052533e+04 7.600247017817930318e+05
5.445629261079000472e+00 1.557280725433694002e+01 5.319780241315974045e+00 1.446044660853465125e+01 1.200710029621261867e+02 5.422031700993866110e+01 -4.084864146177417865e+01
7.123701273248268961e+00 1.757812658941281470e+01 5.212513230835818412e+00 5.598213880101001294e+00 -2.453134360117269352e+01 7.778079285770107987e+00 -1.768440790283407082e+01
7.094918860367820379e-01 8.111874781461327066e-02 1.532568419618810518e-01 1.762924658292300273e-01 1.215546644720305949e-02 -9.473438531800767309e-04 2.630472939775074098e-02
2.352000066560940184e+00 2.535728703823217245e+00 2.831599955501657107e+00 3.911370643566630001e+00 1.298873145396070861e+01 6.225710148106243125e+00 -8.567233134924870930e-01
3.118902979217397231e+01 2.740057043746006684e+02 5.745544793467055570e+04 6.881503012523654616e+04 4.215036955536643982e+09 1.099647112152438145e+06 9.781149175980670452e+08
3.148721397885853701e+00 5.055897636570876763e+00 3.847675333909250095e-01 1.672403355173628370e+00 1.224212565193495195e+00 2.716494606986123994e+00 5.487187343350066193e-01
4.017029035614783083e+01 8.030172617109027442e+02 4.888273610382022525e+03 4.068692157703208068e+03 -2.111072825488523580e+06 2.507675131604006310e+04 1.802190301902385801e+07
3.222758484450959582e+00 5.426295083369240935e+00 4.766166790086769356e-01 2.769691974029539483e-01 8.408241492248684501e-02 -7.999763504271156789e-02 5.528785993607963217e-02
9.501937636279286892e+00 3.992544600360284335e+01 8.070116194792683473e+01 6.128791978789909223e+01 3.531414709733303425e+03 3.654461847572961801e+02 2.471304155865427674e+03
5.617655327193491033e+00 4.267825009429808247e+00 1.600226649453790913e+02 7.585949883438816244e+01 7.732388400563960204e+03 1.113752700050095967e+02 3.172917731761325740e+03
1.443042491385094728e+01 9.829753448503190327e+01 1.028427746216037661e+02 6.288590989360652861e-01 -4.180118627793286135e-01 -6.122853287423572155e+00 -5.039973937017366623e+00
1.522969137369703319e+01 1.299468762398057891e+02 4.378185964618502624e+01 1.065696524500053926e+02 6.710395086339666705e+03 1.214714072793959986e+03 -2.821473311683980228e+03
7.355020284781917717e+00 2.273319225727985682e+01 9.672225977227849825e+00 3.539496992419043409e+01 6.544139098556572662e+02 1.492134269213814832e+02 2.524930932636380021e+01
4.939324366762292584e+00 9.168100777331964935e+00 2.875287622584988156e+00 3.186186523426234318e-01 2.182121955143349057e-01 -9.147848755431868817e-01 -2.130398873572985907e-01
5.856068064519925898e+00 1.137269894350073862e+01 1.171031017253107187e+01 1.937429066350303319e+00 7.484058223226544015e+00 -6.185805192753869974e+00 -5.399154418376234332e+00
5.217992174251365967e+00 1.031624295257735291e+01 1.333535797659488509e+01 7.969914575250053979e+00 5.975108547794322078e+01 2.276567490019586515e+01 5.639831565786909096e+01
1.836865659259259473e+02 1.813114145664288299e+04 1.893167850698591210e+06 3.583368222244946519e+05 2.264311894456656799e+11 1.385327216513573565e+07 -1.893092655092664490e+11
4.218454036092153636e+00 5.558860009294318338e+00 5.230556753207481480e-01 1.174642633485934340e+00 -7.649083985300495492e-01 2.166194309001755247e+00 -5.125037208383067533e-01
1.559838144040459396e+00 1.178353680278022120e+00 5.807182539153659118e-01 7.697919375589230562e-01 5.051758149384432128e-01 7.519721543692010624e-01 -9.848648681702279473e-02
4.133728007280048189e+00 7.876395916874695757e+00 7.341037984593034027e-01 5.298734577060453255e+00 9.865102456719139212e+00 1.423794975154001463e+01 -3.448573711527117336e+00
5.194157140028442532e-01 4.943601672541689251e-02 2.325476549235653279e-01 1.665569109801676162e-01 2.014763507781461294e-02 1.869667680597491069e-02 -2.585646461481033720e-02
1.386263793410345713e+01 1.006332571129769065e+02 1.592094886376994509e+02 1.610757638046643692e+01 7.722490866657351489e+02 1.612289612560590797e+02 2.626703742290399646e+02
4.094682644693397933e+00 8.361581934454155984e+00 2.988370918264551079e+01 4.671533378669677461e+01 1.682938391956434543e+03 1.334979796423454559e+02 -4.629258660702230372e+02
4.549907310123864512e+00 7.943908921772265153e+00 6.474077369694741435e+01 5.444881225430849980e+01 3.125605693859432449e+03 1.461027230591657258e+02 -8.253693479824648875e+02
4.427767224420488645e+00 1.092885789019065435e+01 4.828567899314043288e+00 9.500814152302881510e+00 5.608516386700367917e+01 3.055599392780701251e+01 -3.155015463527119834e+01
9.762471005195749285e+00 4.404489202992169794e+01 4.269566463183182492e+01 1.194619312968535318e+01 2.659729456247094390e+02 7.765680052636020037e+01 4.526037745428544667e+01
1.700712713140934973e+00 7.851033494586155959e-01 6.047517604613529940e+00 8.900187098436642685e+00 6.378850473387944220e+01 7.842248015812121054e+00 -1.395019646909293343e+01
1.141024373664443559e+01 6.113891811380988628e+01 3.812970546422823048e+01 3.953564914200596636e+00 -3.640519227396813307e+01 -9.706567586363835431e+00 3.210855343476164592e+01
4.486615266148812786e+00 9.938396044944482810e+00 3.651458311956728320e+00 1.234549385885455486e+01 8.288520729934798226e+01 3.845857033691606830e+01 -7.722016694478346377e-01
6.445787667760478179e+00 1.777439966717872721e+01 5.786871704634841507e+01 8.548537443182250684e+01 5.993808970255182430e+03 3.523096947024263272e+02 -4.745210974736985463e+02
1.485736514650749518e+00 1.107868596694736585e+00 4.941826258523488447e-01 7.189057553496093211e-01 4.232799821117557704e-01 7.089141876080161664e-01 -6.668602652771518646e-02
1.430547237759241597e+01 1.172176311414503402e+02 3.896483870508320706e+02 4.361508432210242745e+02 1.737635061171301641e+05 4.702440406279678427e+03 4.620125744613703864e+04
3.449982257606922786e+00 5.202658655645482355e+00 1.422788172377813520e+00 5.483974209886938844e+00 1.330794633297469431e+01 1.239165660179906681e+01 -7.586287074351744764e+00
1.538577997256515744e+02 1.646966086384982191e+04 1.670885602438413771e+06 2.080800311514544301e+06 3.700125207067186523e+12 2.670008260124348998e+08 -1.167299786605330811e+12
4.384976690370976371e+01 7.560135217553138318e+02 4.931528738345841703e+04 2.305800318621670522e+04 7.106048758083472252e+08 8.733600230271561304e+04 -3.156117775479887724e+08
2.524446538644514071e+00 2.883327570271786211e+00 5.259978589024864704e+00 7.084215218843895379e+00 4.324370792180459233e+01 1.200931693784285059e+01 2.398976081720072262e-01
5.798357871734273417e+00 1.890628223897888915e+01 7.420538278413701505e+00 1.115329325036547381e+01 9.055625516729828917e+01 4.367306952408095100e+01 -4.577118480536851308e+01
2.970598724706760230e+00 4.234941410906802872e+00 3.458429197545818568e+00 5.241019636712052510e+00 2.220947673659247457e+01 1.037502365163284246e+01 -2.149637557100493979e+00
4.005444682539197387e+00 7.568960600550227014e+00 2.194647443459766811e-01 3.133796476832196864e-01 -4.178073976489734415e-02 7.119672282896671867e-01 7.077160250355485349e-02
5.309217270339338768e+01 1.249332598211791947e+03 1.233395795930543973e+05 9.446299473853713425e+04 9.969882998982891083e+09 3.143607586023749318e+06 2.136945761127040386e+09
7.726374713242657677e+00 7.052840637838953874e+00 4.255438367801849040e+02 2.794876014791173588e+02 8.953730308386942488e+04 4.957894579613229098e+02 3.568499065511024673e+04
3.856999359739327282e+00 7.751448576486017927e+00 4.970652955155041575e-01 1.598843622541570753e+00 1.395945451301290330e+00 4.014891952366950179e+00 -2.879314340720424137e-01
2.551591091640168685e+01 2.438414996021868717e+02 6.409318983586268587e+03 3.674968356015448080e+03 1.468061599857070297e+07 4.345800249445041118e+04 -1.012848099178483337e+07
4.468336342230666780e+00 2.022916228708561803e+00 6.059350672861940978e+01 3.467102844024766028e+01 1.353415528721483952e+03 1.990120432541604245e+01 8.328527084294597671e+02
1.952188823003745854e+00 2.205466767276688778e+00 6.044279313102750295e-02 3.767174125641127858e-01 5.072396927324827887e-02 4.535127895962649536e-01 -2.566097331037263743e-02
1.228950975748330734e+02 7.395324351880097311e+03 8.180297140933298506e+05 5.628585109708710806e+05 3.702789058513078613e+11 4.622925316817610711e+07 9.361518826206459045e+10
1.240666313335354376e+00 6.554938408689181539e-01 7.773326396996005361e-01 9.830536912036623720e-01 8.551064656267354236e-01 7.898953687088445808e-01 -8.528029893200314571e-02
8.306915144941482421e-01 2.838948187364270237e-01 7.062725130282081210e-02 1.155221656716486217e-01 9.999107627536104811e-03 5.597174230431675029e-02 -2.983772868656809664e-03
1.710336963123302922e+01 2.761833219367954584e+01 3.212593085026076551e+03 1.551761102217602001e+03 3.397470274055798538e+06 5.607190589772297244e+03 6.792017873952840455e+05
8.168984788683678389e+00 1.112276339716400386e+01 2.617584302851449252e+01 1.116873594286025728e+01 6.673843712783678939e+00 2.779341224468894467e+01 -1.908494880488777881e+02
4.338788048170127354e+01 6.743875541504868352e+02 5.672765954985987628e+04 2.618506989747549960e+04 5.946344036311473846e+08 -9.778712876874359790e+04 -8.154129666643238068e+08
8.443719825692301129e+01 1.732650459504636046e+03 2.490071763269248186e+05 7.531422530062895385e+04 9.502818154988304138e+09 2.865368932606234681e+06 4.009022670154193401e+09
1.886142773866164646e+01 1.521106740297924489e+02 6.428686456251862182e+02 1.315417590190564283e+02 1.693045937341429089e+04 1.030520012186094846e+03 3.430147970822838397e+04
2.143261023886269268e+00 2.235402274968619096e+00 4.690669212988375136e+00 4.986172415929304158e+00 2.404786598871212178e+01 7.407546323423491508e+00 -1.784008654676368044e+00
1.238264939730806802e+01 8.160516614330123275e+01 1.472022794279307618e+02 8.222918755173110128e+01 8.963854824815143729e+03 7.428208730376176163e+02 1.222447667881341658e+03
1.564714498470330506e+00 1.209454327770006055e+00 6.121929173495636034e-01 7.996784369101759271e-01 5.494886918149883837e-01 8.190907200645808350e-01 -1.054852338270878542e-01
1.135170906581306483e+00 8.351901305046736945e-02 1.302719807185807266e+00 8.888846801179502988e-01 -9.346413155254276184e-01 -2.528507481731261941e-01 2.034069137849904285e-01
6.576376806530515040e-01 1.244391865798410574e-01 7.358905092804868264e-02 1.607776126690927190e-02 1.794591584670198923e-04 3.393767901228232457e-03 5.230978329419978552e-04
2.409893091541739363e+00 2.886698378824773314e+00 6.904275227003943138e-01 2.113526080117829942e+00 2.550273101440621915e+00 3.366928651790509264e+00 -1.204405854384464902e-01
6.258685033803661923e+00 1.020611088370122843e+01 8.913773558216242066e+00 1.848558429561195371e-01 -1.058785854498126289e-01 2.460761519719911750e-02 2.123595153862035123e-01
1.031089638519364193e+01 5.439748618103936906e+01 3.932817488477948018e+02 1.886021822614498262e+02 5.093469872183189727e+04 1.391023320885938119e+03 6.639012128233936892e+03
5.341965393210936952e+01 1.646937202677863979e+03 6.558340958763864364e+03 1.483716735128437358e+04 1.456517715574131012e+08 5.851471677412141580e+05 1.438465625166800618e+07
1.366353292631544480e+00 8.687230681990220083e-01 3.186784920531827714e-01 6.217253931351384155e-01 2.531761064866173694e-01 4.996968104723135684e-01 -1.117484452608161066e-01
3.375689165541273074e+00 5.103416500420280499e+00 1.278694152669906492e+00 1.678120377700232368e-01 1.133497434060776535e-02 2.559435625813832327e-01 7.690440582703142458e-02
1.391094767002246435e+00 1.088535537580443524e+00 6.332030550521423606e-01 6.812218606556825762e-01 4.242384925541759499e-01 6.500893532784952633e-01 -1.421133039629926542e-01
5.522034254936619924e+00 6.980508795955493895e+00 6.859054022737370815e+01 1.572989452814667004e+02 1.609457483651873190e+04 4.138422573700242424e+02 -2.814581870146120764e+03
4.669427860264780961e+00 6.714126746853824379e+00 3.172833779341259319e+00 1.754355332932385547e+00 -2.720250401867507772e+00 4.468458020737787528e+00 -3.119602500983751359e+00
5.389453260865562534e+00 1.294391257761475877e+01 1.281170747501519935e+00 4.979042761458061683e+00 9.847141916664750028e+00 2.263431527259624598e+00 7.821434210603205983e+00
5.157397847186512285e-01 7.138899679686142030e-02 3.686499865407539406e-02 7.477032858568944881e-03 5.380372655683142186e-05 1.384826539770718599e-03 1.118710844592126950e-04
6.150429547278784881e+00 2.088015510210846060e+01 3.067538899107741912e+00 2.315491779295443919e+00 5.655065186642667108e+00 8.669013041510046369e-01 2.470271852580302685e+00
1.387189777696793271e+02 3.017487360345389789e+03 2.243089888711827807e+06 6.049184666257810750e+04 1.741008005688237762e+10 -1.106842036512792110e+05 1.390717933186782265e+10
3.037305448200448676e+00 3.955980348524914536e+00 5.555530734112003044e-01 4.108667347633483402e-01 1.943040454264226835e-01 -1.527907971549161692e-01 -2.790258245137086646e-02
2.681883008601295160e+01 1.860565496623274555e+02 3.451639318733875371e+03 2.068116575264201401e+03 5.062130750239108689e+06 1.396937310636919938e+04 -2.215060904160192702e+06
1.402665449462329628e+00 9.186646559637605680e-01 3.655268688394348042e-01 6.143163948249763529e-01 2.604995728506788732e-01 5.005238021196293241e-01 -1.299283281142857571e-01
5.665306594774929927e+00 1.017571433360189381e+01 3.729380805007967759e+00 6.974243327469726417e+00 -8.756120318433213257e+00 1.509704842972972294e+01 -3.447375187939753971e+01
7.017436496329663154e-01 1.256363872215283950e-01 4.760891663287926123e-01 7.318130141211887096e-01 4.054201795440058875e-01 2.543534868571311058e-01 -1.490792250575528055e-01
1.459229814148476976e+02 1.175673791078768409e+04 4.717883584417287260e+06 2.654228311343302485e+06 9.281627119458984375e+12 2.789750177533118129e+08 -1.438882232217092773e+12
3.450698641771457886e+01 3.852133454058057964e+02 3.848290715982382244e+04 2.385131364373461111e+04 6.879396963746602535e+08 3.842856649604439153e+05 2.211343418289840817e+08
4.077613107345376520e+00 7.273328853390649940e+00 1.464819510942217740e+00 1.933470883937518370e-01 2.324833770234311509e-02 -5.201859621513315046e-01 -1.002352363462497981e-01
6.582021051956223445e+00 1.816436639897553817e+01 3.759604922409844363e+01 7.724860171776860795e+01 4.084076685464875027e+03 3.291646720432120219e+02 -8.068068261482549133e+02
8.581564096675393660e-01 3.571449659349233974e-01 1.467905182343614279e-01 2.093899501516895134e-01 3.296821681382051950e-02 1.167499551666851543e-01 -1.614653676767775770e-02
5.627144102765750056e+00 1.536486220329404517e+01 6.889606965726049026e+00 8.470785215481771435e-02 6.140324049127458134e-02 2.638238289343519116e-01 -2.042656656108925856e-02
1.191274413868366366e+01 4.248300501287609876e+01 5.613655940467779146e+03 1.039978659177363443e+04 7.837254957881203294e+07 6.501187304986659001e+04 -1.311313193541386724e+07
5.422048277438239694e+00 9.429953802052780887e+00 6.211098557651578034e+00 1.906851413117118810e+00 -6.518401238844175438e+00 -2.057792458347057263e+00 -7.582233813662022648e-01
2.543642294795159273e+02 2.862726196367887314e+04 2.216005344502369314e+07 8.960497569133590907e+06 1.143652731827681562e+14 1.277886145709329128e+09 -5.351148632086184375e+13
8.743666874074075679e+01 3.096515010624533261e+03 3.214683363711776910e+05 7.735096778399606410e+04 1.048336457351939583e+10 1.944766910185947549e+06 -6.235058223757703781e+09
4.992169117367411424e+00 9.946506199662856318e+00 2.975830134965673501e+00 1.008199807114934821e+01 1.010213432004538880e+01 2.492248771812067787e+01 -5.429164404733421634e+01
