5.382677824324164639e-01 2.252149640263920727e-01 1.667224851300845578e-02 1.459736849512460743e-02 2.277091980363829039e-04 6.927439892639736078e-03 -2.602885389353494310e-06
3.503778952923394252e-01 6.915229643893607003e-02 2.630433555762220696e-03 1.764320781208358847e-03 3.799972358503709672e-06 4.626240485776905026e-04 -8.137372535000550794e-08
4.592660073922170128e-01 1.441298149309835630e-01 1.430967961890777448e-02 1.111718986496697086e-02 1.401531996395074381e-04 4.213626577057187454e-03 4.301753468065183656e-06
3.165548231587984596e-01 5.525243245838187128e-02 2.851388122068478862e-03 1.592892600678720138e-03 3.393557582654977198e-06 3.744080586576721006e-04 9.000285665720203341e-08
2.754363976414517801e-01 3.424292260497966561e-02 1.147055061766046177e-03 5.499225429031477826e-04 4.365144284103804264e-07 1.016513893307891177e-04 1.469087775689428131e-08
3.174697894520173702e-01 5.326922515928125129e-02 3.263922960038041950e-03 1.836920142822674176e-03 4.492928026327569264e-06 4.239633793364742530e-04 2.104502433211590699e-07
3.129046177564793196e-01 5.057693300907096373e-02 2.884131197675417115e-03 1.557351177007475522e-03 3.297394083130819794e-06 3.497676337865811736e-04 1.444779802650203157e-07
3.432142527141542887e-01 5.064701671126604909e-02 4.650142825642982272e-03 1.910339473620444560e-03 5.691257678319238291e-06 4.262352717724379020e-04 -1.687042721444498295e-07
3.300572400511974092e-01 6.353342051488476694e-02 3.394143459021340542e-03 2.030442271789510526e-03 5.326564328995515437e-06 5.113247208098494834e-04 1.993336264340876003e-07
3.190787057783775471e-01 5.964173706774505285e-02 3.183992583737380554e-03 1.902513838448590712e-03 4.679364642115671559e-06 4.644271853013907719e-04 1.713190093327935076e-07
5.474284983915760350e-01 2.349314584980662368e-01 1.424932338521864988e-02 1.229714368121593952e-02 1.627533563990044029e-04 5.955836518228692540e-03 -2.995353784869111079e-06
3.498772656357247435e-01 6.558655437451421655e-02 4.107046694659432021e-03 2.160528475801601778e-03 6.435774537270707208e-06 5.520964262503526895e-04 -2.759143068358353734e-08
4.212983218725717682e-01 1.193916511770145711e-01 6.457639882158141935e-03 4.567016284102450897e-03 2.480157665539931290e-05 1.574945495183815080e-03 -1.352894269078513668e-07
7.554708665705833770e-01 4.836408646908560427e-01 1.854352522627613908e-01 1.700884232075196845e-01 3.020367418531732726e-02 1.182347444078190174e-01 4.514426174222502947e-04
3.138265049991746380e-01 5.417611204976979095e-02 2.353078316712327138e-03 1.320095040051702485e-03 2.326329126687312662e-06 3.071868438546507436e-04 3.696893435412896777e-08
2.901285668611623403e-01 4.150936682342903916e-02 1.381869066918669153e-03 7.946975185393191470e-04 8.322332040187101212e-07 1.616987646011685891e-04 3.048629701811837011e-08
3.647934514873316658e-01 7.609450210117610358e-02 5.054833990548153813e-03 2.909590822142974452e-03 1.115659789906275513e-05 8.004232934775503978e-04 1.996744864568776682e-07
3.413229847438020714e-01 7.158101323950544215e-02 5.002671941919388174e-03 3.427752758396937320e-03 1.418143932502619249e-05 9.170281184293724991e-04 6.050665716804608542e-07
2.828665242239424837e-01 3.726389332689632183e-02 2.272854735786911801e-03 1.142150501127309334e-03 1.830986203474508866e-06 2.202395882137067227e-04 1.841636605107016457e-07
3.640585820319243160e-01 7.531363135627672234e-02 4.000552022413488701e-03 2.260194064557399015e-03 6.796218210499828243e-06 6.169431546535681689e-04 -4.890030454374889496e-08
3.273309288937912842e-01 4.651305876990700222e-02 5.000094266691833614e-03 2.349163506758054389e-03 8.048314438427316847e-06 5.053829203115734435e-04 2.143908321573579725e-07
3.682176845382881258e-01 9.174361073252362830e-02 5.813396927692945221e-03 4.132588714393946316e-03 2.024715932900717272e-05 1.251046680806120045e-03 5.897714568392864676e-07
4.153874033630627904e-01 8.822141692041482464e-02 7.298474569543598155e-03 4.563452243208939926e-03 2.633283217492361715e-05 1.300505534300750972e-03 4.331404156189134181e-07
2.588660903346511333e-01 2.770571255354919993e-02 9.291855368822678251e-04 4.396577852237018515e-04 2.756888681123976975e-07 7.137435849440816160e-05 5.443205855152175286e-08
3.267923332985859242e-01 5.946580438337471797e-02 3.444955445090177801e-03 1.990522359048870274e-03 5.205846151422021890e-06 4.834691304881895239e-04 2.624167273055108367e-07
3.714967901162594677e-01 7.339107125121513420e-02 5.848384886567039274e-03 3.525083441487890552e-03 1.600112105999959824e-05 9.547595278411468876e-04 3.788051278171576125e-07
4.431585642149309390e-01 1.393038140123367963e-01 1.038741194035589128e-02 7.490872185669504926e-03 6.607695441140505979e-05 2.793906491773997906e-03 2.122456196438176212e-07
3.725307247594127347e-01 9.400325307799572983e-02 4.549640702082545507e-03 3.200673861892245741e-03 1.221364687499363385e-05 9.808120675616769160e-04 6.048681906511590544e-08
3.550086906872894632e-01 8.441578578634818808e-02 4.349549473120906465e-03 2.985315133508761442e-03 1.074137814114847597e-05 8.645167839256315094e-04 5.869415040710934239e-07
2.675286665337230918e-01 3.175350582677185368e-02 1.107986685564707040e-03 5.623957507349503730e-04 4.374449301957311242e-07 9.885643758765413078e-05 7.569767351649223516e-08
5.020112304922380586e-01 1.862062433483330781e-01 2.219883393306837718e-02 1.754841009393970364e-02 3.463198397086985052e-04 7.569718536938482845e-03 4.950809773373936965e-06
3.183727440183863888e-01 5.533628335578790608e-02 2.713742646890300331e-03 1.483177257952157267e-03 2.974337010595217090e-06 3.484593932602528320e-04 8.653825287950627602e-08
3.853456659667297557e-01 1.019822100557444683e-01 8.905013263335167725e-03 6.839593808527274360e-03 5.335683359949808593e-05 2.184024919514740079e-03 1.505040096235187340e-06
3.762180914785702157e-01 8.717929363450109548e-02 4.347682205410156181e-03 2.715007074035326665e-03 9.327717859482126235e-06 7.990545916004731424e-04 -6.311875398443188376e-08
3.614161989322802748e-01 8.538893923938070674e-02 4.359638478972166498e-03 2.895957649944757087e-03 1.028987009422801162e-05 8.462087097077224812e-04 -4.222376030021261466e-08
5.723671635658388324e-01 2.600548514439452452e-01 3.372829351394503877e-02 2.852549409324830684e-02 8.846783309211339900e-04 1.454664099899528711e-02 1.489637473155893516e-05
4.355427881611139140e-01 1.230728693063573853e-01 1.262777759415101460e-02 8.704262951137610449e-03 9.125375034840808375e-05 3.050813034533008273e-03 6.418785162823204666e-07
3.418253152883596879e-01 5.882953001567382822e-02 3.935400059231467310e-03 1.963624771166654157e-03 5.458234978486590926e-06 4.748582173850824685e-04 6.412463551243296277e-08
3.216640448294442178e-01 5.945652382390481661e-02 3.536746001226281997e-03 2.132926387728632887e-03 5.852001102733755862e-06 5.200241407894957372e-04 2.698777826775232643e-07
4.747022553717224480e-01 1.567853194379680848e-01 9.516324321992186003e-03 7.490347528600858028e-03 6.323873484288418108e-05 2.949634176349073822e-03 -2.845548242422059142e-07
7.501963110935082613e-01 4.818370281532811661e-01 3.315973352323834528e-02 3.074351914205546502e-02 9.814301088054489582e-04 2.128180880458874907e-02 -1.842341313390757354e-05
4.136165814688195219e-01 1.139609926834275616e-01 5.269838261312238120e-03 3.460890790239632732e-03 1.477792974951876260e-05 1.151604305653979640e-03 2.593849105368292664e-07
3.206583161679765759e-01 5.889454618804126906e-02 3.563773623334140495e-03 2.149393260137492153e-03 5.940918568293292533e-06 5.215115295534472097e-04 3.059873253299572244e-07
4.031357570237532051e-01 1.069577396509812789e-01 7.184927754198323392e-03 4.873552519773660489e-03 2.883573174007249696e-05 1.593864404720332943e-03 4.318688485326322293e-07
4.050761363912357971e-01 9.788254585649185102e-02 6.146895064327327629e-03 3.946436520565251710e-03 1.943621373940456105e-05 1.221681493344214074e-03 2.039791394570006961e-07
3.615371419145140264e-01 6.522448488482181228e-02 5.455463455591764640e-03 2.677288088463115195e-03 1.023168526482251952e-05 6.837365737693879052e-04 -7.384818228465803382e-08
5.927492995813817833e-01 2.780459245986945938e-01 4.241324368399930489e-02 3.513481734606642426e-02 1.356178691630214889e-03 1.852097744144815678e-02 1.849398043032737891e-05
3.703032381009767060e-01 8.622662587646610921e-02 5.239542035863516828e-03 3.440732562806127388e-03 1.459939499406846968e-05 1.002162725284388555e-03 5.320290099072170058e-07
3.031656579626699211e-01 4.649874521995597115e-02 2.580305644148255754e-03 1.333060143373487839e-03 2.471173431771274768e-06 2.874435152336118167e-04 7.630954442197684562e-08
3.043575739626372956e-01 4.686246366743786890e-02 2.992785478124153960e-03 1.621265666937768890e-03 3.564480519060665012e-06 3.508881990283792729e-04 2.196266114276053699e-07
3.427347309333596548e-01 7.466775026604703658e-02 3.535396792917937150e-03 2.223700001498295740e-03 6.233686524674660002e-06 6.076307584069393086e-04 1.258000452197736890e-07
3.627768187716726711e-01 7.138465435351903920e-02 5.399015589991298936e-03 2.967802600746307154e-03 1.187977324849024457e-05 7.926858008490626339e-04 3.280778229727678919e-08
3.782113060232739077e-01 8.193133425008033988e-02 5.333008029889055833e-03 3.170061213917974973e-03 1.302980399629985967e-05 9.007619231686445332e-04 3.421836489436555398e-07
3.602373993080643100e-01 8.167232745227910595e-02 5.063953810170941996e-03 3.372171748166423108e-03 1.393505493253899607e-05 9.617473827039312549e-04 2.521827677997165793e-08
4.702138242603299823e-01 1.566790275125892473e-01 1.708208538424681525e-02 1.330106728918615394e-02 2.004739038551233451e-04 5.262548601595916885e-03 2.799229359685010484e-06
3.568686493519777070e-01 6.761765939239379464e-02 4.852391341416187158e-03 2.574156423928947255e-03 9.096144172650701479e-06 6.690733654826799912e-04 1.667651893238982741e-07
3.003872895089912398e-01 4.469691601375277989e-02 2.740843535246925092e-03 1.425143697834573356e-03 2.812379974055409031e-06 3.004781936830729083e-04 1.547082053491977901e-07
4.374492480287340834e-01 1.286541784438231251e-01 7.276331321979247549e-03 6.026059751373430765e-03 3.989608701518703327e-05 2.154522187678970316e-03 -7.468430937737456773e-07
3.925279686988065730e-01 1.004092669316350023e-01 4.378943586361319466e-03 2.869993347095119510e-03 1.017396949601122976e-05 9.083481897189769763e-04 8.617674086032345123e-08
3.154924414868722771e-01 5.515210426647794428e-02 2.904534875615479711e-03 1.567332563295713082e-03 3.342907993355667321e-06 3.675729539821706408e-04 8.950403267684323836e-08
3.159833864393193359e-01 5.718778902061603248e-02 3.301535161552947642e-03 1.918965667041982971e-03 4.826351277267006215e-06 4.588853348556576556e-04 1.910075316745578270e-07
4.919588408877818564e-01 1.799283065919516644e-01 1.610357181264084406e-02 1.221552890819483511e-02 1.713154095208631929e-04 5.181577784156412257e-03 2.114940349289761931e-06
3.555783246393635078e-01 6.720868817180671029e-02 4.739056332045105992e-03 2.515422232441114330e-03 8.683721804920641247e-06 6.518638969456817117e-04 1.399283117199136544e-07
5.645248079584519463e-01 2.427395013318520700e-01 4.044710397965592397e-02 3.322917882043438520e-02 1.218106174723382297e-03 1.634748137255917846e-02 1.611125385892961392e-05
3.536000529566159511e-01 8.111965944115787086e-02 4.449421833808656079e-03 2.919594168874633210e-03 1.051571118323706036e-05 8.303506653743075077e-04 3.889511012130960946e-07
3.532260421623309998e-01 7.923493467459670481e-02 5.900826597390960992e-03 4.251213934314492307e-03 2.127660962901931470e-05 1.196086337478295160e-03 8.214573032849913379e-07
4.993188880934772422e-01 1.886028396445356137e-01 8.477404769606707371e-03 6.626686033988632776e-03 4.966788218749844413e-05 2.848638118948984468e-03 -6.821178928645291531e-08
3.480124995929432252e-01 7.482411599252331014e-02 4.536047639253575070e-03 2.836334475369339195e-03 1.017341589159437744e-05 7.729903018038467629e-04 -6.240404770620566559e-08
4.300475483746644123e-01 1.277314667752107724e-01 6.908145393808949944e-03 5.131740481487826258e-03 3.055467397494195624e-05 1.827971298111157571e-03 -2.163163615241417664e-08
3.762965240996643534e-01 9.542940376260472535e-02 5.319269430454715009e-03 3.653192428868389571e-03 1.609624867211299472e-05 1.123916210719998069e-03 5.008549275140365757e-07
5.203050818737585681e-01 2.099995659461794395e-01 1.199915015885264814e-02 9.913333168241606277e-03 1.081179201680060087e-04 4.539484105792607194e-03 6.188753796356799756e-07
4.304200347934781234e-01 1.290099531062701144e-01 9.193299240671958319e-03 6.595171545801785211e-03 5.135323917650415115e-05 2.367710506233565784e-03 2.915773521922535006e-07
3.631773666657286403e-01 7.223197225505326169e-02 3.056431438775328649e-03 2.255262500613276159e-03 5.917526922465291849e-06 6.020304301530118776e-04 -2.058985155301983912e-07
3.694987864572270575e-01 8.560862541018543492e-02 5.279605943359366033e-03 3.468580619786093295e-03 1.483344194923555114e-05 1.006728904594993016e-03 5.389846976864152953e-07
4.369626865785015690e-01 1.179166003872369889e-01 1.270421076928397730e-02 9.058951800056249531e-03 9.715679269828356287e-05 3.106372858820433645e-03 2.261291079298164271e-06
3.658701163273579970e-01 7.098903089018986090e-02 4.975020136634192812e-03 2.798726140424768680e-03 1.044095735355145683e-05 7.423454092676640787e-04 2.214992644777013782e-07
3.334389138158431187e-01 6.785827952919751271e-02 3.343261184949211477e-03 2.022474614919369130e-03 5.256297321824556816e-06 5.264819383539377133e-04 1.710562594469362792e-07
3.671810544925995234e-01 9.216525453556635716e-02 5.398894617967948950e-03 3.866128664167126604e-03 1.764955742831362804e-05 1.164601776465741013e-03 6.914880158941155971e-07
3.179906139540302767e-01 5.368020569490450367e-02 3.394817975645094722e-03 1.904234282597475677e-03 4.834932095361438415e-06 4.393567541236090583e-04 2.539929989287904031e-07
3.761712280480190573e-01 8.192025879601164129e-02 5.639176024162519292e-03 3.216698493325542783e-03 1.369914775366926165e-05 9.200558319847674561e-04 1.605115606648361540e-07
3.952692875247616477e-01 9.157183626509982077e-02 5.759005939008314014e-03 3.613167958801747660e-03 1.647801227033454273e-05 1.073570167600006826e-03 3.557108433881573886e-07
5.003201698923330776e-01 1.865236187535626311e-01 1.093231044774476031e-02 8.876159668283896756e-03 8.743645431327772032e-05 3.817563359025206646e-03 -1.966943052897370914e-07
3.992287322388987092e-01 1.028070990738610968e-01 5.860817313249043828e-03 3.904068010089197394e-03 1.867465521233495734e-05 1.250507377804615594e-03 6.414298690345743447e-08
5.057111256008227640e-01 1.694897418272625356e-01 2.899628512094786295e-02 2.335908978093475391e-02 6.076912507779794843e-04 9.584131527298278899e-03 1.710982798871994704e-05
3.620938988221543697e-01 7.348991626196631211e-02 4.554351906199944830e-03 2.230014690915573666e-03 7.106701252625603247e-06 6.045214584347905710e-04 3.982577419076190752e-08
5.145275812430619711e-01 2.002066137755907638e-01 1.178021495158413853e-02 9.579620518416079658e-03 1.017649286665005753e-04 4.281267949877440651e-03 -2.109744757291336071e-07
4.704117900058190083e-01 1.597663291166071253e-01 1.592319546952652640e-02 1.212552213945077180e-02 1.684721057769151360e-04 4.846636126596628666e-03 2.222358556032297478e-06
3.719795807689361133e-01 8.079412319402679010e-02 6.582727873445634419e-03 3.976940259487454082e-03 2.034358716882857479e-05 1.130403406992683355e-03 4.344662984354547312e-07
3.404057553114681056e-01 7.250444501146217913e-02 4.101377709514301279e-03 2.626003991616469510e-03 8.615445213669822779e-06 7.069108283264231244e-04 2.110197664850213271e-07
3.333492270926491363e-01 5.213786007947820988e-02 2.661272348211254652e-03 1.672555219520978917e-03 3.528358041607726352e-06 3.815049652501971119e-04 4.948547512842972813e-08
3.719898022186300945e-01 9.393435677958678065e-02 5.862570355761305939e-03 4.061060450851940867e-03 1.979967622173051548e-05 1.240347061988330418e-03 7.896648639892306712e-07
3.156724579562209532e-01 5.268970652461640869e-02 2.825979617425510189e-03 1.433983555674408616e-03 2.882157315953437619e-06 3.265057976343344417e-04 1.617782694555124327e-07
3.793923097885339990e-01 8.075699306220013307e-02 4.636553113120613426e-03 2.706212259897547000e-03 9.583132956932636956e-06 7.613968371920970188e-04 2.371077633446070119e-07
3.941712715603353234e-01 9.555831186968503921e-02 5.885401741731903502e-03 3.974709382031359553e-03 1.922308731145532261e-05 1.220829815274336854e-03 1.977921767973718606e-07
2.936150385857140832e-01 4.358540830964600932e-02 2.757244514825575241e-03 1.481214663321058465e-03 2.979487103637655224e-06 3.092194325892453580e-04 2.882631415203650301e-07
4.318355441302210718e-01 1.256554390217668182e-01 1.065084960949069792e-02 7.367163865522617476e-03 6.525830635742754923e-05 2.611014690788063513e-03 3.657942985583236949e-07
4.339932393329923865e-01 1.171269083502536751e-01 1.256956400137881555e-02 8.382069671681802864e-03 8.603221364077228794e-05 2.862374798026205876e-03 9.397670936743845975e-07
2.904611115993844805e-01 3.989363792795944802e-02 2.733545176046394461e-03 1.295692052572685552e-03 2.423982333299977747e-06 2.585998561174305643e-04 2.653335009154050744e-07
3.647624518692442197e-01 7.357506669721858295e-02 4.239279661815419618e-03 2.346871772601283671e-03 7.401367582145697626e-06 6.345314071422431240e-04 1.310840887102453709e-07
3.544534563247070391e-01 6.518392680985211907e-02 4.840056217549081746e-03 2.508446693460859162e-03 8.740362415826989528e-06 6.403406940850806276e-04 -3.289990656227085972e-08
3.894128080985899132e-01 1.062680008205075383e-01 8.116716031616335800e-03 6.077238578642252601e-03 4.266702576536332981e-05 1.981031065179570359e-03 1.148335094200205676e-06
3.278032769180522776e-01 6.461516060542878137e-02 2.943268600010068292e-03 1.709031882546446909e-03 3.831027959700980461e-06 4.341667568012850414e-04 1.233162535768609710e-07
4.287068353398947873e-01 1.148333436994116163e-01 1.190414067301878709e-02 8.091066932017498825e-03 7.940549210741262962e-05 2.739016331840184604e-03 4.564226225367843552e-07
3.821704075859787553e-01 8.862430278750846324e-02 6.425607557815649420e-03 3.949872689985423069e-03 1.989897557347107885e-05 1.175833009807771175e-03 -4.327059316408936340e-08
3.049478154981858924e-01 4.649340347461505124e-02 2.921098390163498308e-03 1.535312085466978595e-03 3.248288638469727164e-06 3.304466485782780257e-04 1.418119272785055178e-07
3.610593578679219262e-01 8.508168483070970012e-02 4.451302924983264325e-03 2.960414365786029258e-03 1.074649869633402646e-05 8.634829901642299566e-04 -5.328896746036567022e-08
3.929942862000525561e-01 1.022350152398793371e-01 4.418548539671386145e-03 2.970675097906961496e-03 1.076272458386323437e-05 9.494426785979719714e-04 -1.310188475552753778e-08
3.617417085646881802e-01 7.242917461631359632e-02 3.149520104351883308e-03 2.259519730692235214e-03 6.025327741992671243e-06 6.039442617519414410e-04 -1.664868345506447971e-07
2.922141281376658961e-01 4.402969886916541231e-02 1.639398940636838413e-03 9.961406307743951322e-04 1.267455801522315465e-06 2.089672193853883350e-04 1.185190083592032537e-07
3.673689041628080409e-01 7.195663547151215367e-02 4.673388440347958292e-03 3.217068824978144836e-03 1.246339869230187734e-05 8.585658366006865575e-04 5.146757006521262914e-07
3.560515816939005540e-01 4.986352468781866248e-02 5.760453963469992604e-03 2.924189572411403648e-03 1.199582238652901791e-05 6.456203737743138700e-04 3.701148000497989380e-07
3.533019203884508741e-01 6.372276816418268042e-02 5.055181774727788603e-03 2.630656235678771951e-03 9.592712998243170034e-06 6.640197562907100299e-04 -9.891420304739379961e-08
4.905211111352009157e-01 1.730857941529112543e-01 2.018882515670075012e-02 1.579729244364029908e-02 2.820871830761083484e-04 6.568413435602341033e-03 4.112874839298352042e-06
4.908304244772748737e-01 1.759633567321270409e-01 8.808375034925462060e-03 7.123654895544311548e-03 5.641982801882766002e-05 2.975519511793688846e-03 -1.016309817930301630e-06
4.753485718518508096e-01 1.617049881074986706e-01 1.669643504411213314e-02 1.291811372551753163e-02 1.897035389437535537e-04 5.193301905427629567e-03 2.411910648799709452e-06
3.785357061598805806e-01 9.756976246655534035e-02 7.321471438476763113e-03 5.502709645789348805e-03 3.491049773688738729e-05 1.718775661422864906e-03 1.080832031565442488e-06
