2.028646867654052832e-01 3.033017947878894997e-03 2.467707330454206940e-04 1.403838121317594067e-06 2.421970082583221393e-11 1.906759151277026863e-08 9.804561439325971717e-12
1.979879201779296827e-01 1.839414852528474184e-03 1.466367179767339574e-04 8.697650898034944067e-07 6.300366162774007161e-12 3.535763154501567652e-08 -7.535775239038914704e-12
2.003486572784589637e-01 1.758231895009895046e-03 1.300186766130344545e-04 2.074066571197856036e-06 -3.228478349467026457e-11 -8.515001648083169580e-08 -1.085057743234733619e-11
1.974212878692002404e-01 1.692435595820958706e-03 1.089797038866230887e-04 2.735252508471051516e-06 -8.477676321341980927e-12 2.025900898531515111e-08 -4.645749282896869282e-11
2.033557316916358992e-01 2.429036796220786654e-03 1.281282319145568441e-04 7.709191230393147354e-06 1.963594782322609974e-10 3.310168492849680491e-07 1.419416825171368834e-10
1.985127493390389519e-01 2.538295036782063814e-03 1.981752836344102624e-04 2.174603432295230858e-06 -1.406236635580130228e-11 9.128822948537955152e-08 -4.289734124948716435e-11
1.984870558856305367e-01 1.531879631153190138e-03 2.516433182047251183e-04 4.764508694868701175e-06 -2.785971701590140288e-12 1.286190563831412583e-07 1.649521396363639621e-10
2.185662520913742024e-01 9.541462691824929496e-03 2.321263846669031276e-04 2.399664590107137131e-06 -9.702433844435915173e-14 7.805120659197362655e-08 5.663532942052568196e-11
2.016196745993107942e-01 2.449935295170602243e-03 1.602454621151109019e-04 4.968220669104382881e-06 -7.570224813906874501e-11 -2.166990839921496596e-07 -1.179844810609821437e-10
2.040180637275212372e-01 3.439266154371354526e-03 2.391359992129159066e-04 1.759876472202681505e-06 3.209967650093905840e-11 6.173523599629872976e-08 -1.652429061296679928e-11
2.076859028780683736e-01 6.175969801460937450e-03 2.117390692862591167e-04 9.095130481180236216e-06 2.306970295023985360e-10 6.912474649001093665e-07 3.257043010668268797e-10
2.004647451442398975e-01 2.737528109357519057e-03 1.234102297258696604e-04 3.009445079449305326e-06 5.435714932364228812e-11 1.425185060325408769e-07 -2.022244873321310195e-11
1.954289161295299504e-01 6.652795574282918505e-04 2.031990546027426464e-04 4.510750375324813583e-06 -1.240430626496210877e-10 -1.091197295154533073e-07 5.712141506548354792e-11
1.968004513806136946e-01 1.224840095592639099e-03 1.205768623229978306e-04 3.004068302009244690e-06 9.468055281587511349e-12 8.665504128138325375e-08 -5.638434041988695499e-11
1.982395258437872065e-01 1.609257040042274189e-03 1.135323962549274267e-04 2.760065562521312634e-06 9.021774894970162121e-13 2.780062616020428635e-08 -4.885004275818684411e-11
2.167401011218653695e-01 8.639908357132505823e-03 2.952722462725354199e-04 6.156259805401967557e-06 -6.282164787243250710e-11 -3.981748416980102678e-07 2.548454017276649222e-10
2.188825660677334861e-01 9.884029392976065656e-03 1.874916779873815392e-04 1.679429173294151053e-05 7.066946206995071163e-10 2.483541794143298082e-07 -6.234527702808527231e-10
1.946247676615603939e-01 4.813619425511143348e-04 1.539382686657594283e-04 1.985436729005690171e-06 -1.245631162530740503e-11 -4.336817189480610828e-08 3.239814391946991609e-11
2.186727503423108177e-01 9.960335197180049047e-03 1.264429306287261198e-04 2.447327069890269335e-05 1.357975270240924129e-09 2.213809014916717255e-06 -9.648468857605057320e-11
2.022146106170799040e-01 2.492600182579920998e-03 3.200160457683653959e-04 2.715984331452348561e-06 -7.753968286355625015e-11 -4.147252917277330944e-08 -1.997516853298403810e-11
2.184134535921668507e-01 9.509742379732242026e-03 2.387217953201626263e-04 2.421669128531525740e-06 -3.723911663621808960e-12 7.076393046499556630e-08 5.810696746556541876e-11
2.071130641862187760e-01 5.816874230993530383e-03 1.958161037999677770e-04 2.894766570300098134e-06 4.685883516667214989e-11 2.164183828283515649e-07 -5.053909087905097506e-11
2.004835303158895021e-01 2.530563888868537364e-03 2.264211948538210457e-04 1.141689334312238441e-05 2.032243575548774580e-10 7.869676878878213283e-08 5.437336935199008755e-10
2.036693142386002409e-01 4.358117124309611110e-03 9.742315057849298520e-05 7.440924207502485801e-06 1.956683469532798473e-10 4.567312283848111925e-07 -4.301981314682985700e-11
2.173933741760438743e-01 6.869136414246176069e-03 6.397896209784506637e-05 1.566856001167083495e-05 4.916760664768166764e-10 1.240915964145356301e-06 6.604481519578289081e-11
2.071531814465041310e-01 3.807333597911226157e-03 2.329702220414054856e-04 1.084416196594247351e-05 -4.314055764887444649e-10 -4.916277012035570395e-07 3.331358268551310005e-10
1.968317885709809367e-01 1.308398432901864208e-03 1.042117191623706144e-04 2.832371498434267788e-06 1.584046724847615265e-11 9.021350930384233379e-08 -4.601087464829829286e-11
2.019989290215813971e-01 3.031918451917625049e-03 1.679152414355321917e-04 4.810348906465476454e-06 -1.331316287750616871e-10 -2.588735668549068661e-07 -3.108735241918252781e-11
2.140941195833382937e-01 1.742303389857754103e-03 1.654829334828532164e-04 3.444600022258882380e-06 -7.074848860185030082e-11 -6.800843945011107169e-08 4.192996579796592138e-11
2.036495089672180347e-01 4.184747008854366838e-03 1.089834910486058538e-04 7.316189982060050205e-06 2.028498210717811271e-10 4.395345865658402749e-07 -3.912912006633362390e-11
2.007405149963441549e-01 2.186811257684832550e-03 3.341284106200023522e-04 2.469439401027244616e-07 -2.155453161697952549e-12 -1.154064151594850588e-08 -6.210069725002082548e-13
2.102876229750329506e-01 4.527599382543019170e-03 1.824254585966515415e-04 8.909310775864754778e-06 -2.414790097254527187e-10 -5.453104400113655529e-07 -2.658876140303179059e-10
2.039736814663652975e-01 4.306708880999033512e-03 1.045942018398772993e-04 7.031437392539701692e-06 1.853502373602158435e-10 4.319311739337112024e-07 -4.479548673815230212e-11
2.148567872566247150e-01 7.679367579483899545e-03 3.171467016585751840e-04 2.016788343707592339e-05 -1.541103087703899747e-09 -1.641967408358290330e-06 -4.760305924039411304e-10
1.947835729470956678e-01 8.120985528925571796e-04 2.525205815348266969e-04 1.924904721276561403e-06 2.567602430810258745e-11 -5.147384657050112035e-08 3.379033123769280879e-11
2.010843805726398592e-01 2.924526992673586769e-03 1.271829488427980227e-04 4.299554371067891448e-06 9.218323747388874814e-11 2.222613433914612605e-07 -4.013778678845538122e-11
2.017953283642756612e-01 2.890955427680934678e-03 1.976288619481818688e-04 6.697237589188634129e-06 -2.342352173123566684e-10 -3.002853319110473049e-07 6.708071264236305373e-11
2.033762976011093127e-01 4.093666599266384924e-03 1.972380442774421976e-04 7.129082836180963567e-06 6.525348749584094339e-11 3.374691196115596912e-07 2.592425468962985684e-10
2.057260274693427093e-01 3.953458367203874051e-03 1.800456822166449534e-04 1.326739372264151577e-05 5.400838752577884131e-10 4.237499409297666390e-07 3.588646139058176580e-10
1.990950480653357890e-01 2.094945838959629165e-03 2.008415786243719376e-04 8.335585787623829259e-06 -2.245297116506722578e-11 -6.361922411131554863e-08 3.403202934775814656e-10
2.163760425147497335e-01 6.162728293703090623e-03 2.574149625670081143e-04 1.598493604867798714e-06 -3.197525537767904511e-11 -9.879494651675538047e-08 -5.383258303161097018e-12
1.966775980211994401e-01 4.985279510227741146e-04 1.654693775283318496e-04 4.221019487940014268e-06 -1.076378154189984275e-10 -9.364365449863187505e-08 -2.929810066795575709e-11
2.133840341476864466e-01 5.715658786216882593e-03 2.692296753187536158e-04 5.347944568542052769e-06 6.862702992078887864e-11 2.950053267053340545e-07 1.909713919240506960e-10
2.012749133920507250e-01 2.192116459555401575e-03 3.058719472264055336e-04 7.980915314174193352e-08 2.452748372923103564e-13 -1.476249621052257189e-09 -3.087532486512879991e-13
1.989958959448490106e-01 1.529924335561028397e-03 2.294134055953770345e-04 6.099714116996697931e-06 -9.612640206561318028e-11 -3.592946025247638581e-08 2.069417263072272221e-10
2.198766793340227177e-01 8.489426874655175981e-03 2.828981986899869495e-04 5.430883337379219163e-06 -1.344638128214207701e-10 -4.518759256811353855e-07 1.650286134902051366e-10
2.106591280029082025e-01 5.391075289425445796e-03 2.680204776379813028e-04 1.848511638698655049e-06 -3.656726606431155553e-11 -1.272607454051849521e-07 -1.886127465863225081e-11
2.034828394989220413e-01 4.363110324640489743e-03 9.140272160173968231e-05 6.615705103349354944e-06 1.621222147597865407e-10 3.885884603239514958e-07 -1.350336230425143940e-11
1.968861339275801425e-01 1.401486304564317090e-03 1.113815114441509289e-04 2.419514828524842242e-06 -1.343533959597764742e-11 1.443167590919842779e-08 -3.737774137524789267e-11
1.981744915681680486e-01 2.392518044126752761e-03 2.545224574775591716e-04 1.207700360469944868e-07 -5.946426686316676375e-14 -3.373273122077428661e-09 -6.669333448370052709e-13
2.128455279803213029e-01 6.826586969856748670e-03 1.378963748525744728e-04 1.770940948008762036e-05 8.456460447778143569e-10 1.446517075046154867e-06 -2.253230043863443527e-10
1.984158683980684068e-01 1.476231228618482159e-03 2.116304556805556581e-04 8.269422942795293184e-06 -2.334624794470354193e-10 -2.156494798442164218e-07 2.552848717093517816e-10
2.043557943224860174e-01 2.800088545727752540e-03 1.705098858670552791e-04 9.059642015095303161e-06 -6.004574612764269471e-11 -2.768918466702357962e-07 -3.509755392469413328e-10
1.981980825628569531e-01 1.319944910313350719e-03 2.785571983397574559e-04 1.135901104185815161e-07 4.585050847115610523e-13 -4.078198378257909716e-09 4.450081569374398329e-13
2.005417957055127820e-01 2.788631071461256800e-03 2.386952855491497865e-04 3.039062266184224125e-06 -2.424018681368413905e-11 1.027699306676385396e-07 7.818072427980199727e-11
1.978116020041019996e-01 1.338792673454795726e-03 2.472000389648542295e-04 4.765653391688344369e-07 4.897075324047249188e-12 1.287634640808197664e-08 1.665631142396815616e-12
1.956925373736182472e-01 1.274164582489346843e-03 2.229348024108672335e-04 1.407704752959516770e-06 -2.025399217858042165e-11 -8.611675581070159066e-09 1.454869102387926767e-11
1.973836944696553131e-01 1.567092008789090080e-03 1.444155011100974604e-04 4.070060378852711727e-06 -9.572809712905109237e-11 -1.528700982354638070e-07 -2.393604117736292879e-11
2.042214110810410821e-01 3.164525102982402617e-03 2.647373828612250603e-04 7.904188335614035990e-07 -3.850653239509726787e-12 -1.759375854475337556e-08 -1.076596658605712930e-11
2.095616133245371271e-01 5.632993192424760355e-03 2.189593223202422080e-04 7.101467047250566855e-06 2.162900286449400318e-10 5.285216306566836872e-07 1.778627623026802738e-10
1.960794654955629879e-01 2.350987025733647926e-04 1.634756682152591967e-04 2.897618088664471488e-06 -6.305608735736485897e-11 2.832189093205023157e-09 -1.059157220876483357e-12
2.023555869334779933e-01 2.964672846760587656e-03 1.878043955552475392e-04 6.366167939123431319e-06 -2.111679463355723075e-10 -2.633085548220754811e-07 6.215511060683624391e-11
2.017674955879842913e-01 3.464578028881185046e-03 2.990839075724753527e-04 1.765877724522863342e-05 -1.052175047109565264e-09 -8.114307302049076015e-07 -7.347495319613807310e-10
2.202267204469178785e-01 8.117478402835030110e-03 1.696522097751983595e-04 1.931244136507960328e-05 9.432994781802427699e-10 6.876386446267024059e-07 -5.763555075666574791e-10
2.052064275851850084e-01 3.116357176387807293e-03 1.301480466914792028e-04 8.523879687772324153e-06 2.535363076595754722e-10 3.437189071042183142e-07 1.277577407519563109e-10
2.009585979972737801e-01 1.286978584767006122e-03 1.997162656412419508e-04 5.775109003712667825e-06 -1.582240061701514362e-10 -1.580910353858395785e-07 -1.158993817961777344e-10
2.034965686157494402e-01 3.721782496171344330e-03 1.723448471912972604e-04 8.251151296231784869e-06 2.656828860233502545e-10 4.963945663910384838e-07 -1.619489092055784519e-10
1.978758426509980017e-01 1.585137218290082108e-03 1.776135849055415035e-04 5.717222373913257189e-06 -1.524513145920488593e-10 -1.738091037420414081e-07 9.975191601346687421e-11
2.145955746869753211e-01 6.849577568140734901e-03 2.519769707954804092e-04 1.213736133068167279e-05 6.704110593338235081e-10 8.610963226312965145e-07 3.300550782937545419e-11
2.175557540590027372e-01 7.983472067773372122e-03 1.428044791266114971e-04 9.351907490884637871e-06 1.216091669589336083e-11 -3.104545899707340634e-07 -3.415435589739181521e-10
2.043964263196109132e-01 2.814666790508554839e-03 2.832655655353186544e-04 8.024835529320748764e-06 -1.450416588207611593e-10 -3.778428053434293609e-07 3.540477566800711984e-10
2.030287109561227377e-01 3.793526185021833114e-03 1.530286361796037199e-04 6.876693024127920453e-06 2.070981871793252164e-10 4.080252347189930160e-07 -8.290911573693290791e-11
1.942104968600706916e-01 7.323985559017501864e-04 2.805527686167841447e-04 1.935747738700676354e-06 4.448107237827197165e-11 -5.170494671021502542e-08 -7.511155600517330347e-12
2.040164844225273444e-01 2.983956930220736225e-03 9.082421808846189110e-05 3.319177492753096154e-06 5.400361183294326133e-11 1.740229071998031371e-07 2.011952143645466292e-11
2.009741793331389359e-01 3.173558300102531302e-03 2.166811006427227064e-04 1.102554031592590396e-05 8.197193789470175286e-11 4.146450868557454611e-07 5.326318559203251221e-10
2.061141091970666861e-01 3.434716791852917422e-03 1.177493613890657679e-04 4.781634084274747486e-06 9.348696367067817297e-11 2.114803109928066273e-07 6.429167154339848693e-11
2.107314695594449949e-01 5.188493465768594451e-03 3.532284235737784554e-05 2.439750955811357179e-06 2.168813377272612670e-11 1.757175153646275401e-07 -6.526488347075061332e-12
2.074742996533345818e-01 4.997485368566242925e-03 2.042835745403864670e-04 7.991180403112785818e-06 -1.427741519420647168e-10 -4.900318737490326839e-07 -2.895914134820346810e-10
2.009570543590062930e-01 2.552003998586767266e-03 2.029036881287601013e-04 2.001710301046154642e-06 -3.885429374416500230e-11 -4.366102463150467669e-08 1.085086362856936042e-11
1.959960309843011839e-01 9.769252758250670122e-04 1.245429446620026489e-04 2.111159680705118999e-06 -3.419940592366953900e-11 -3.623684870940995229e-08 -1.509494835466170708e-12
2.047038188508847611e-01 4.159683240734809648e-03 1.942184015444870762e-04 1.179170855008709701e-05 3.730533217748537532e-10 2.625751974226206373e-07 4.233982334578614399e-10
2.007075063918751512e-01 1.880898669309631795e-03 2.417200569412593619e-04 1.172844530745287076e-05 4.130204503269538133e-10 -2.497717703090455370e-07 -4.683872853489157174e-10
2.151247233153527061e-01 6.685851165837967958e-03 1.862636006366247352e-04 6.847547742224165414e-06 -1.510656795881446685e-10 -5.039217566079533376e-07 1.923111258950711021e-10
2.010011800849650920e-01 2.327263401479539272e-03 1.903745862748136802e-04 5.759504560801104387e-06 -1.573941154991509375e-10 -1.725761688010815656e-07 1.076979821918038990e-10
2.034209725889358777e-01 3.574024399946233981e-03 1.871093963066710198e-04 7.492916975006424039e-06 2.576539390731281582e-10 4.338060882507555164e-07 -1.110305855452976984e-10
