4.378449883628477979e-01 1.421613946090987679e-01 5.482031602876764192e-03 4.395431014103863034e-03 2.156981340577721198e-05 1.651881534717637798e-03 -5.208561756197675638e-07
6.284098084325741018e-01 2.565508535105113230e-01 7.646352770192341034e-04 1.080664495301302420e-03 8.133489840445253798e-07 4.643225266574154634e-04 5.508744773721504335e-07
3.993388088868935482e-01 1.057492798785192867e-01 5.539626997600297260e-03 3.777997611275318076e-03 1.727548461246272447e-05 1.219182146341669763e-03 5.277288542232665558e-07
2.862144267490893679e-01 4.273718786551743143e-02 2.247759768073319571e-03 1.169771569326083244e-03 1.894024989872103330e-06 2.416964720171235054e-04 1.029679552872777040e-07
2.542317437488766374e-01 2.844899066330299278e-02 7.692504357686530099e-04 3.512514932491410369e-04 1.821495363176939848e-07 5.923993035739743125e-05 1.257863223969025485e-08
2.839868448572381299e-01 4.092711432494346158e-02 2.371713154882912605e-03 1.217707593604414919e-03 2.067923713230870768e-06 2.462486859773669961e-04 7.829886259709454903e-08
2.812110660567604947e-01 3.885472404815086545e-02 2.200103908300672217e-03 1.095724855131884751e-03 1.697353545322145460e-06 2.153588514131053494e-04 1.154073181103956680e-07
2.712038507338010440e-01 2.804087026706753374e-02 2.186364847115775199e-03 7.543939378741341614e-04 9.687635048085934333e-07 1.257174240506148967e-04 1.328516990521996204e-08
2.975533416933324737e-01 4.933092765154251103e-02 2.550556876294026755e-03 1.420212645746279922e-03 2.696298882812223167e-06 3.144205084615967621e-04 1.903486219460824201e-07
2.945192874385536008e-01 4.948385572281450984e-02 2.338926987665094527e-03 1.311316658123922634e-03 2.295034983700566129e-06 2.916480828970928192e-04 8.249612469663099731e-08
4.433663510257198070e-01 1.480162726451013655e-01 5.147563285743725521e-03 4.025413538037589563e-03 1.831865865286994263e-05 1.548593756387719837e-03 -4.359227331588852916e-07
3.348877288332860469e-01 5.653162823469318199e-02 4.072189022726529356e-03 2.304751332566658956e-03 7.060171629905644315e-06 5.460527531474619264e-04 8.940390814250877516e-08
5.725315604816251236e-01 2.133386966773812565e-01 1.299551943530914775e-03 2.067678260430936242e-03 3.120430634636041031e-06 8.615696264119283680e-04 -1.323201580171284360e-06
5.985210254871394797e-01 3.031878414281443668e-01 2.722136788691552345e-02 2.236294540148654406e-02 5.517325213049978491e-04 1.231264140419481741e-02 5.281066618646789237e-06
2.907382739916337666e-01 4.474046076024897067e-02 2.162300044762697701e-03 1.074564082654167222e-03 1.633169374232838516e-06 2.264319828535841107e-04 1.253390888225871626e-07
2.709624547032964959e-01 3.524430809742921944e-02 9.876228362342379542e-04 5.168877679657396659e-04 3.671319733555564158e-07 9.607883771388939708e-05 4.004103564266843680e-08
5.083928464669160707e-01 1.540354748100594418e-01 2.850797714087732748e-02 2.057936837724550980e-02 4.984519597713381583e-04 8.054660865082672108e-03 -3.016956151917867717e-06
3.225693661352611041e-01 6.276633809283446719e-02 3.746860141914417144e-03 2.426191753215044440e-03 7.311819859384720844e-06 6.062433395498478903e-04 2.196895607155133169e-07
2.687608474332732200e-01 3.121300207224445705e-02 2.149256611289859439e-03 9.738845397198514411e-04 1.400556289816835085e-06 1.720161652094015124e-04 1.538552010033903402e-07
3.439087169404828059e-01 6.501094974693628903e-02 2.267530667773259238e-03 9.242239512935056158e-04 1.334258589722722499e-06 2.283316726934961414e-04 9.942369358583501414e-08
2.944001743109426195e-01 3.716509063071634505e-02 2.484333374297482792e-03 9.855183622757264592e-04 1.535456729022618326e-06 1.897459680629215255e-04 1.425827542720120129e-07
3.520796369444481599e-01 8.297818118796861098e-02 4.734856754130813312e-03 3.264152859015894640e-03 1.282904835582575429e-05 9.402604501679745659e-04 2.949039599947817397e-07
3.338538780804546358e-01 5.041479403449027757e-02 3.196119243366898986e-03 1.431922986833855920e-03 3.056462056387052004e-06 3.019562714253098338e-04 2.047172151175236295e-07
2.547812935737310824e-01 2.797177364034214575e-02 7.620129721275496369e-04 3.001533180009619863e-04 1.394879750551524858e-07 4.887261556829847832e-05 3.389712921006097517e-08
3.046995144613154904e-01 5.069374266359816250e-02 2.562527613428206008e-03 1.372588965320056635e-03 2.570256922299520584e-06 3.076523691505147909e-04 1.427192452146976109e-07
3.034566271096867940e-01 4.273559954793276772e-02 2.286246038282709926e-03 8.316052930491463820e-04 1.146328194604847522e-06 1.718315549234468497e-04 2.787648306064396845e-08
3.904127204323539768e-01 1.056951635689924451e-01 5.261681143279081131e-03 3.575747900262858398e-03 1.550821706258139778e-05 1.162453659765707269e-03 2.370527887392729629e-07
3.386686501886558287e-01 7.577341513776419957e-02 3.179255125722614799e-03 2.166917823350830632e-03 5.680407008300483959e-06 5.923842718826152157e-04 2.852522152136056467e-07
3.295307444411335052e-01 7.159429570772640750e-02 3.253718903460237240e-03 2.186560821175965487e-03 5.828732183210757203e-06 5.844007317369662689e-04 2.010724476679546931e-07
2.480943753820543662e-01 2.596668106431695641e-02 6.897916622551725045e-04 3.122987362557900289e-04 1.445977038551168611e-07 5.023648948845194632e-05 1.008108650752017243e-08
4.618943797297206943e-01 1.540662663860083992e-01 1.233333526862892722e-02 8.194540492074216601e-03 8.236092500912943753e-05 3.215740882993234871e-03 1.819579766837068442e-06
2.901377642047247019e-01 4.330898101960269087e-02 2.239703320546457006e-03 1.089147533410498225e-03 1.697333709382141058e-06 2.260421467202871260e-04 1.128677644354982240e-07
3.655148940344949415e-01 9.164435472997084497e-02 5.852664293833029566e-03 4.227655738704380953e-03 2.102610917298644523e-05 1.278838296018231652e-03 3.702286755332098459e-07
3.602487575480946003e-01 7.789434725566185547e-02 3.357852358841243758e-03 1.740284073518604544e-03 4.206564709216913575e-06 4.840217323380536498e-04 5.220584230319366372e-08
3.407213768937966680e-01 7.498496492206303821e-02 3.537172984635568711e-03 2.299271181716120750e-03 6.556989208767615024e-06 6.296101893999419760e-04 4.215466470222850392e-08
4.762807676087825182e-01 1.765244960535986840e-01 1.099326518675379158e-02 8.223847389853761528e-03 7.818071507896880319e-05 3.454319740263178846e-03 1.465409938129564520e-06
3.744697161795481621e-01 8.762527815407168685e-02 6.072545526808847786e-03 3.782333386218970570e-03 1.812477372965650091e-05 1.114622308366639307e-03 -2.818539948972590184e-07
3.836731246354205260e-01 7.692110329905679778e-02 3.497152626005911071e-03 1.420703211199556915e-03 3.163878972800698824e-06 3.939903629137266180e-04 -1.345688589426350744e-07
2.994827034812712063e-01 5.037739219181674999e-02 2.694136949916141159e-03 1.535601191748407236e-03 3.121024168862354353e-06 3.446620406793406751e-04 1.217813870809121586e-07
3.985452974362231893e-01 1.057056440987181462e-01 5.053439029161866346e-03 3.564819388096594245e-03 1.513037765645403789e-05 1.151907638823491259e-03 6.784123663256218099e-09
5.310041832976277743e-01 2.309007125413722328e-01 7.061872389330371182e-03 5.168031554608467672e-03 3.122080849045064972e-05 2.479115228250464587e-03 -1.257446978166549094e-07
3.663754300996692193e-01 8.650442416023200465e-02 3.725190634478962176e-03 2.375507995582398866e-03 7.065396791281685092e-06 6.881966558705046848e-04 1.290572922489275671e-07
2.993903426326925410e-01 5.031208182239881033e-02 2.642672524220686381e-03 1.500290406102391776e-03 2.985553439392032713e-06 3.365197683782827345e-04 1.033039607326054634e-07
6.612886206482896378e-01 2.892545952151112099e-01 2.586977549845991681e-02 1.359878541072981166e-02 2.526917263522414662e-04 7.192343176430789596e-03 -3.469495666138552967e-05
3.547489750585495760e-01 7.343808398937473614e-02 3.396150172076581840e-03 2.032325154263520551e-03 5.337514704859511555e-06 5.450745051767512265e-04 1.375425181048582069e-07
3.110179812819882095e-01 4.539033511467236576e-02 3.034577434306452021e-03 1.363573643125341045e-03 2.773624091710345805e-06 2.903833754272568428e-04 -2.622236701680205260e-08
4.967436546614241166e-01 1.941133275385880375e-01 1.487623383560564110e-02 1.128250522699138052e-02 1.461639968780246437e-04 4.966469605957079050e-03 1.190406107046191979e-06
3.392608346980152678e-01 7.043799112914174432e-02 3.950614838590982975e-03 2.483108775359890372e-03 7.767642982421268689e-06 6.507679889355114013e-04 3.864103879768880791e-07
2.794685477736240098e-01 3.743384280823810334e-02 2.215836268681043667e-03 1.047541490443013165e-03 1.587640550480933638e-06 2.023465183436711304e-04 1.628771949673927281e-07
2.790308552376536411e-01 3.801061472686541320e-02 1.996002350438593267e-03 9.687758292596417020e-04 1.345235876889996116e-06 1.886112556404336406e-04 7.175980545771043541e-08
3.211169244416792745e-01 6.452617830119512787e-02 2.800031563872210343e-03 1.694979095089765592e-03 3.690473428749615085e-06 4.303729530292702389e-04 1.242244923079599236e-07
3.222134158218656896e-01 5.391219898447548176e-02 3.234448712747283947e-03 1.560486454967998857e-03 3.505818482735972404e-06 3.622604627671333066e-04 6.353827211620342128e-09
3.294013652687516336e-01 5.940829720251710605e-02 2.947985445552384672e-03 1.550346901793577935e-03 3.313667292799917238e-06 3.759743604625967310e-04 7.007749834213066884e-08
3.247382606900386937e-01 6.436190562732424514e-02 3.628217089812597017e-03 2.306347597151518596e-03 6.668480691056825031e-06 5.845762672386781893e-04 2.058777259763469203e-07
4.453149052542081376e-01 1.415023899844171373e-01 1.015515375378947711e-02 7.610395734981333440e-03 6.689873844476727088e-05 2.853174000889440419e-03 -8.636098909768244014e-07
3.114832582905951996e-01 4.799267621365440467e-02 2.952897871635141135e-03 1.256081055782623567e-03 2.418142320593637083e-06 2.748313856907200962e-04 6.744423463401382920e-08
2.763744458160809492e-01 3.643430689201550277e-02 2.120285066951262641e-03 1.011379330074622766e-03 1.474471116912778234e-06 1.918569936688625387e-04 1.393881243875173123e-07
3.739334327131612623e-01 8.954696479563853395e-02 3.292782281571461200e-03 2.372715965712032110e-03 6.627774553624570551e-06 7.026735996266606204e-04 -2.390955862178783074e-07
4.308155787944782378e-01 1.083216900373976110e-01 1.093862399722505922e-02 8.573018290711770586e-03 8.292150524033490839e-05 2.795092184740658424e-03 4.039846254230180486e-06
2.936319676271204604e-01 4.694154414317365520e-02 2.327873207313954033e-03 1.225750596900635533e-03 2.069374070099257651e-06 2.650844480620871192e-04 6.936264271421726344e-08
2.867063257867371040e-01 4.598313541097221596e-02 2.047598186560033780e-03 1.093133564568088498e-03 1.635018884617955336e-06 2.342689369029158860e-04 3.671019991129053066e-08
4.283207927950651861e-01 1.324607404662828947e-01 8.609834639355480254e-03 5.931993905154506891e-03 4.239180937187008390e-05 2.156554847518879492e-03 -3.694883077041347385e-07
3.100777655964366275e-01 4.774540177855232659e-02 2.722954496571533545e-03 1.156884914915631054e-03 2.052362592695574425e-06 2.524318733605739203e-04 6.250882588200955276e-08
4.707728452411719111e-01 1.666064202855759013e-01 1.512843602576002984e-02 1.057133553055912209e-02 1.336806878072582317e-04 4.309686475806619871e-03 1.379756877912379913e-06
3.312383995707508522e-01 7.021762300386223676e-02 3.463420016443272999e-03 2.235875465055952530e-03 6.212914821664494518e-06 5.902397711444954797e-04 3.345175107527938887e-07
3.277596763759568210e-01 6.634982141337281147e-02 4.035903758420312203e-03 2.664788803741759311e-03 8.734582789014941150e-06 6.851729072765405226e-04 2.796214918554583515e-07
4.175565068937701629e-01 1.262345395284074911e-01 5.046841775259111942e-03 3.692640495794314096e-03 1.594012655317191311e-05 1.304268612702867963e-03 -1.662580122995719914e-07
3.292783643378325298e-01 6.637046996019621559e-02 3.359585745069283182e-03 2.047609701249737679e-03 5.370475012815560660e-06 5.257539507030790926e-04 -1.112847966765705392e-08
5.114593872029460364e-01 1.821193300129213821e-01 1.564158475885318172e-02 1.238739547485684725e-02 1.721189144620484510e-04 5.201745500336515948e-03 1.033678158712041345e-05
3.379358539226426372e-01 7.404039812544803423e-02 4.139865675826128952e-03 2.670595499558132274e-03 8.862661738408373838e-06 7.198864941070391233e-04 5.521241900559245585e-07
4.395436609262908245e-01 1.435516032715876411e-01 5.575780755125919058e-03 4.172773065957785521e-03 2.012623212199431466e-05 1.580573216493305535e-03 -2.265675898943835041e-07
3.828867907440482998e-01 1.002950883423721906e-01 4.742102402937375949e-03 3.207793428403780782e-03 1.251105618120612518e-05 1.014588215495940832e-03 2.789834290849820995e-08
3.122136607414168763e-01 4.956045336971529047e-02 1.393877044205730619e-03 8.354013396082575786e-04 8.995336629880852723e-07 1.829173485333326172e-04 -5.917108612097011072e-08
3.389473334368879320e-01 7.056700617895551864e-02 3.858505048844463117e-03 2.426914400073271021e-03 7.421840980422127161e-06 6.395299644344168855e-04 2.663954498862730307e-07
3.598959552811366036e-01 7.403486264764971847e-02 6.019550254502440204e-03 3.378995619991521752e-03 1.523923858282547862e-05 9.156868638032084062e-04 -1.452077003697234056e-08
3.142067747655888366e-01 4.864040477302801480e-02 2.702103020391810606e-03 1.219524533814744403e-03 2.212956986644134103e-06 2.678824508777589508e-04 6.078874830867359099e-08
3.084344676689800835e-01 5.661049542529389411e-02 2.533951448321697039e-03 1.465321382007728516e-03 2.819749305628036709e-06 3.475291847772971543e-04 1.468275075788758236e-07
3.505440035655905673e-01 8.406413786055032256e-02 3.574406343030857216e-03 2.441715729289740261e-03 7.205772415466612764e-06 7.017302111134863032e-04 3.332941368557113923e-07
2.810954125944323811e-01 3.930137320255419620e-02 2.386243380027936768e-03 1.254442042277167588e-03 2.161106889584605039e-06 2.455733696727173659e-04 2.002796159835202601e-07
3.335464168093632553e-01 6.243482402371890866e-02 3.382251985994738294e-03 1.746288307383995131e-03 4.243799894781197063e-06 4.362238164419170172e-04 4.271858318430102490e-08
3.395641951234629197e-01 6.318116260397521611e-02 3.204924620282772682e-03 1.792037036256793805e-03 4.292632315879405493e-06 4.410643508457320959e-04 1.321467674579671041e-07
4.247106393829411242e-01 1.289733705441451217e-01 5.397890536609680975e-03 3.932659086495527562e-03 1.811909659385663545e-05 1.409382548633543583e-03 -8.647834157286281623e-08
6.957681904558767894e-01 3.353859683511075107e-01 4.647038879420663238e-02 3.500611490543852761e-02 1.411900277179338730e-03 2.024592729518534875e-02 6.917766892102720361e-08
4.008257074492125871e-01 1.010191407162735894e-01 8.816333525659724932e-03 5.515943549083960305e-03 3.846131107562415926e-05 1.742699846760713744e-03 5.815541117462603255e-07
3.214745713213924549e-01 5.622135373324019247e-02 2.477003009808997121e-03 1.123530621882887172e-03 1.872052344285652297e-06 2.661148295986675606e-04 9.189832269636791152e-08
4.315165560515538123e-01 1.357005337137547341e-01 6.072770733192811056e-03 4.597123255627546742e-03 2.428967105873148873e-05 1.691033697497727750e-03 -5.293257947513261967e-08
5.168001124016200487e-01 1.941489025747974717e-01 7.013497572909669839e-03 4.152374753187165757e-03 2.240812486436198991e-05 1.828003970208541898e-03 1.237485942796590066e-07
4.272649449706520386e-01 9.372600812720709162e-02 2.187972820787928430e-02 1.557311664428910093e-02 2.872299619588451107e-04 4.765772652785840724e-03 1.161057183597652550e-05
3.149430195627014317e-01 6.109262484705891422e-02 3.023194757217622253e-03 1.855369505570353536e-03 4.391275952375301457e-06 4.584360094262341528e-04 1.599631051443728465e-07
2.917025922938967231e-01 3.711187537026003347e-02 1.435577901648769483e-03 7.705597922164609224e-04 8.099386162321445934e-07 1.479630297873514924e-04 2.861069606650227684e-08
3.408582653507966076e-01 7.697884299456189683e-02 4.425104796453326918e-03 2.990306555217703277e-03 1.087129614983960945e-05 8.274350863408182384e-04 3.719353616062219444e-07
2.817516099433203802e-01 4.036425122114683378e-02 1.976094491711078826e-03 9.987612160301216624e-04 1.402444004264076361e-06 1.996755575462638927e-04 4.370969891826806275e-08
3.233276568231164827e-01 5.438321592204237165e-02 2.670058821429533661e-03 1.299951706756397474e-03 2.420531054983392700e-06 2.994586884812406105e-04 8.059101448631987177e-08
4.156604572223324690e-01 9.837307451103773082e-02 1.522823430067622719e-02 1.194251660703995327e-02 1.609488845360271107e-04 3.704434559064026782e-03 5.787395822179738003e-06
2.799402737684211218e-01 3.976723067490978147e-02 1.789304379939971436e-03 8.823809533469817532e-04 1.106313865156694851e-06 1.758221631654654170e-04 7.317569563879537474e-08
3.781898905515326259e-01 9.345573299138652812e-02 5.761205402837953245e-03 3.597559303567196727e-03 1.637772610499984590e-05 1.098472814538301468e-03 -1.362059032411392565e-07
3.628710856783536887e-01 7.785057821391713762e-02 5.783636548506647206e-03 3.325909798052121939e-03 1.458693598356553576e-05 9.223862220612292964e-04 -4.557337425778411520e-08
2.759998574826388329e-01 3.489572139840867171e-02 1.813001049908400395e-03 8.127541369117765712e-04 9.842013988148908271e-07 1.517222683175058770e-04 6.864672695437902536e-08
3.188646593476323621e-01 5.262095368600330780e-02 2.796868670866518684e-03 1.368377006249706963e-03 2.675232992722620809e-06 3.122926909080669076e-04 9.662251777562881023e-08
3.148874390898183107e-01 4.877927868664483357e-02 2.915527355822644575e-03 1.317018850393788035e-03 2.580634156111529816e-06 2.908285133041718738e-04 -2.483246497939580406e-08
3.665346523485204511e-01 9.320321606717144047e-02 5.673274136216764282e-03 4.031431032898404737e-03 1.927535361032107567e-05 1.230691574054434316e-03 4.206302938997272169e-07
2.879722984614924708e-01 4.716852311998539354e-02 2.237787883333020207e-03 1.267973752726404574e-03 2.135501382518990495e-06 2.752423415597640656e-04 3.969024863542133286e-08
3.612717275190436839e-01 7.728235403075493781e-02 5.551105730651062845e-03 3.181827180005514320e-03 1.337224802990825914e-05 8.823691206962885024e-04 -1.306826762366960206e-08
3.891327239768573309e-01 8.780493467334279933e-02 2.509597729593830359e-03 7.832293092818686485e-04 1.097796971802989160e-06 2.320688209085694888e-04 2.509310927581253268e-08
2.775810631052874067e-01 3.658963321426610821e-02 2.234988462054557628e-03 1.077221815780709429e-03 1.665938316525726331e-06 2.050770827039336962e-04 1.357198868461778778e-07
3.420133118326734167e-01 7.555632597720234045e-02 3.506955442634378337e-03 2.238910741934353136e-03 6.273622765344737171e-06 6.154200357765802522e-04 1.852394632830907399e-08
5.146098401331032912e-01 1.662565358846937180e-01 1.303827914002124444e-02 8.927909680074962856e-03 9.627258187395550169e-05 3.640003982095333605e-03 -3.149002735858690783e-06
3.557945994753271002e-01 6.626017008137430331e-02 1.255211575139446268e-03 4.277676886595994650e-04 3.123774649718243072e-07 1.088080998532377447e-04 -2.592679842792325480e-08
2.778693952511904763e-01 3.951944283500137545e-02 1.190990117783679138e-03 6.617866411344910200e-04 5.859522770898715494e-07 1.315125997331339472e-04 4.304719694700197057e-08
3.240815895342342712e-01 5.383184000071637720e-02 2.363647522169370213e-03 1.351472518461189825e-03 2.412462243337126446e-06 3.124814253976642840e-04 1.205639861781282452e-07
2.825115941212472670e-01 2.806277375907392096e-02 2.312253223451613774e-03 7.297221510794774102e-04 9.473922649666200454e-07 1.209698701614305138e-04 -3.044672859671263612e-08
3.161517890271342557e-01 4.948552663537037627e-02 3.021522470238480109e-03 1.368301655397088749e-03 2.782182804466039330e-06 3.042478308283617320e-04 -1.045082877213128305e-09
4.394098192177498530e-01 1.360755026235232479e-01 9.297758726662153778e-03 6.256049810179025068e-03 4.771204119381386964e-05 2.305323175503844711e-03 3.462560638988950183e-07
4.129303308845480025e-01 1.194067984620553330e-01 5.122708241126653489e-03 3.694756271485187624e-03 1.607196384439965063e-05 1.270557565249412664e-03 -2.661868012067454621e-07
4.601743001826337220e-01 1.495170430182728716e-01 1.304678355476231871e-02 9.682086254720176713e-03 1.088001864428299944e-04 3.739952013189259961e-03 2.029050861197466383e-06
3.454008839089852678e-01 7.903256507171897705e-02 4.894767659153680811e-03 3.416565613741178419e-03 1.396985229143581593e-05 9.591279027549683752e-04 2.300435697496545357e-07
