5.835109670333742393e-01 2.786742812572507999e-01 1.254675230035638411e-01 1.072675776942444564e-01 1.244416198144828248e-02 5.660742510293323426e-02 -4.401730013066634112e-05
5.144303940297868527e-01 2.094637953459202451e-01 7.290170731700450213e-02 6.199298138946995884e-02 4.167567310334330775e-03 2.837226521419349001e-02 9.591026733292862955e-07
5.785245105379425157e-01 2.720961992520078421e-01 1.119426907827308637e-01 9.240080126604383048e-02 9.397309417667748868e-03 4.806958631228866463e-02 -5.686131962738972395e-05
5.621092450273623697e-01 2.569454855548307104e-01 1.215603130600145659e-01 1.084409340233518648e-01 1.244997128166849820e-02 5.493303886249496781e-02 1.115435628226656151e-04
5.755091429819352289e-01 2.729415023163302978e-01 1.187227902496149623e-01 1.043018498069676614e-01 1.160654451834057174e-02 5.448377443275752297e-02 -3.628342871369889117e-05
5.443854813359603195e-01 2.353996439456785827e-01 1.022034977639333098e-01 8.654079069553247128e-02 8.138847231582696864e-03 4.196045463882434184e-02 -1.969197567986726016e-05
3.997997673066356894e-01 1.113007127542890856e-01 2.499165304512727254e-02 2.240866068451941723e-02 5.302854572961382624e-04 7.473110279538374041e-03 3.880059873035374577e-06
4.622165726855895773e-01 1.632220467708262457e-01 4.662770473845931352e-02 4.347560759231995642e-02 1.957331366188430361e-03 1.754138937804673032e-02 2.148149797203953264e-05
5.403682780213744374e-01 2.369157186660921510e-01 9.007885938296847361e-02 8.133480856534723580e-02 6.961620147529143376e-03 3.958765120891512973e-02 5.936439743881548325e-05
4.038114456537914565e-01 1.142829785024467165e-01 2.812075841125976153e-02 2.510972837449479064e-02 6.671980518929049352e-04 8.479931916412618981e-03 6.680207433624758134e-06
4.740972893947198452e-01 1.632135919555840475e-01 7.272897325439356409e-02 5.902837612072879547e-02 3.867267986007327622e-03 2.382198229303952516e-02 5.295657791584251328e-05
6.316254510233264563e-01 3.408210829206635983e-01 1.606234263092852776e-01 1.441122160186458223e-01 2.192576269146470289e-02 8.409949092355527289e-02 -4.533009045282199168e-05
4.543832566389592875e-01 1.440953876479990903e-01 5.914983449858348535e-02 4.556909221553362421e-02 2.365468602870430138e-03 1.729787037031251667e-02 4.097429920823202065e-05
5.328058703277868124e-01 2.225288836040273388e-01 8.957494918995072275e-02 7.360505576694531538e-02 5.976381397751957467e-03 3.471569950543341304e-02 5.201639269730501045e-05
5.561790523500254046e-01 2.500068237625134304e-01 1.078601684641992964e-01 9.294201523782319452e-02 9.305680073617043219e-03 4.646782490643439067e-02 -1.490385365386995287e-05
4.851967543027050356e-01 1.751254889539243798e-01 7.753066641831922456e-02 6.303930535400367741e-02 4.407092430508964022e-03 2.637759155681569309e-02 1.243123628353958550e-05
5.780488562926622276e-01 2.803587603760545055e-01 1.070795456671425061e-01 9.884129126192628401e-02 1.016851123464851056e-02 5.233523298696306225e-02 -4.083979282755011847e-05
5.048765830627351958e-01 1.926780435113548406e-01 8.414358142077732472e-02 6.921892929825354535e-02 5.282290907782810976e-03 3.037447989301835655e-02 5.724059668567739022e-05
4.177213857323088808e-01 1.240664936109251298e-01 3.319224842327500591e-02 2.961608846212764740e-02 9.285596052875913411e-04 1.043066215531789076e-02 6.214187711753088247e-07
5.597083571199992225e-01 2.524558133271903038e-01 1.115504054909413623e-01 9.544024221172295319e-02 9.847597683453643974e-03 4.790883175861927051e-02 -3.393359776155020768e-05
5.674765848293347181e-01 2.588136947439116931e-01 1.325787157838302088e-01 1.160270966121433184e-01 1.438991225877313263e-02 5.901511173263292859e-02 1.306353404946719934e-04
5.404583347304361407e-01 2.327824936575893233e-01 9.049310829209913920e-02 7.469626259168436755e-02 6.141165240147713859e-03 3.597218794611554971e-02 -3.027865546335103270e-05
4.267852897183509464e-01 1.331234703023739530e-01 3.137162410200336482e-02 2.899874066836999331e-02 8.746551727184046898e-04 1.057274636812509383e-02 -1.093858048071476123e-06
3.548922655083538436e-01 7.922034905991086340e-02 1.418633750592867074e-02 1.261959546063071494e-02 1.688490529617148704e-04 3.551547809037825833e-03 7.825863209660354250e-07
4.914224601825720740e-01 1.764053150995960884e-01 7.289609560174840908e-02 5.600090840915779994e-02 3.577991981940992043e-03 2.352036971037462648e-02 1.780745192587313529e-05
4.873418598926538836e-01 1.749512454308081444e-01 7.910725167759440069e-02 6.442250199179641590e-02 4.598545015540069121e-03 2.692026639483121458e-02 6.552745123248400645e-05
5.276262307789225670e-01 2.186992215628777714e-01 8.364812824894900245e-02 6.831371838563220222e-02 5.164010193456749880e-03 3.192218019035776566e-02 -1.890564824267790267e-05
5.244048009532079613e-01 2.082506870210509564e-01 1.115647320692017275e-01 9.444781791724962683e-02 9.694280266053720285e-03 4.303463712991922874e-02 1.244535835638639620e-04
6.904428941522294805e-01 4.123659442320491975e-01 2.338618166953890798e-01 2.106875269119961036e-01 4.676647513546165758e-02 1.352407624181728441e-01 -1.812005289022287219e-04
5.516588201179449813e-01 2.509267555685170681e-01 8.921978643751440896e-02 7.975780756583920883e-02 6.728044032088289356e-03 3.994860930070182059e-02 -1.812299387963698348e-05
5.787794773077025168e-01 2.719435260566151480e-01 1.313059837079025849e-01 1.141309623426738223e-01 1.397146338267230177e-02 5.945325890291836696e-02 -7.082968671572650171e-05
4.960454333007549010e-01 1.941685438827929766e-01 6.352309407667262875e-02 5.804278572651552781e-02 3.524305004341005999e-03 2.556106494469357823e-02 2.900463969590736518e-05
4.943535155871288111e-01 1.825518589775556866e-01 7.626495146424398797e-02 6.179730972505558667e-02 4.242247080873809591e-03 2.640319410607863682e-02 4.161314834753290304e-05
5.284583133596815196e-01 2.194410129512982255e-01 8.188872683571586653e-02 6.656754167480848083e-02 4.914781930593777395e-03 3.114180226655241177e-02 -1.327768461978091202e-05
3.904455946941328692e-01 1.031716572427399531e-01 2.429745841784606078e-02 2.139110129375276087e-02 4.876733750923596157e-04 6.870365433194484429e-03 1.094892900379353410e-06
5.037581895371496810e-01 2.021105622388380540e-01 6.599364223197391743e-02 6.106302141819178186e-02 3.876279777542141619e-03 2.744741774463004685e-02 -1.526555063329762194e-05
4.717132730183713485e-01 1.724185004953391054e-01 4.828053446479640270e-02 4.436878709869897935e-02 2.053476955089718944e-03 1.841636738847773208e-02 1.560272873535599892e-05
5.463120228882423213e-01 2.338448713839654247e-01 1.112670394678777902e-01 9.278918595537224978e-02 9.427843316126113121e-03 4.473493652869066362e-02 -8.331425250970424939e-05
4.627029246823358699e-01 1.609652298639131507e-01 5.209397751855324860e-02 4.681363078140207690e-02 2.311803955810035147e-03 1.877107611317379438e-02 -5.535327335484815318e-06
5.586310208680769218e-01 2.474126428104766739e-01 1.288177968500736903e-01 1.120043610880028240e-01 1.345314857431824732e-02 5.567195030784603121e-02 1.168977108093492354e-04
4.594235957898234468e-01 1.436796013992682752e-01 6.321951421986110597e-02 4.659404440953082704e-02 2.528528518344183487e-03 1.763332916517297219e-02 3.962990014751426211e-05
5.012621271547759161e-01 1.992637561505880006e-01 6.265933795252214000e-02 5.748613421318033573e-02 3.450014148749571199e-03 2.564787014456165054e-02 3.023919478875678607e-05
4.460452474886698049e-01 1.496990030344685918e-01 3.845433845308481036e-02 3.510073772548517185e-02 1.289526608407775806e-03 1.356920111076340488e-02 1.131928503681205612e-05
4.264621184563263667e-01 1.329894631419880902e-01 3.177779872609135664e-02 2.873900197760061517e-02 8.684942884637751473e-04 1.048021434837724704e-02 2.924199356812973421e-06
5.796237475247882909e-01 2.797609038849201424e-01 1.325049651565176345e-01 1.217798019614340505e-01 1.546912963135866487e-02 6.441224816752551263e-02 1.201173781565879548e-04
4.163304210843296604e-01 1.220460877565394675e-01 3.348516647631674670e-02 2.942284455790027814e-02 9.235341379829714549e-04 1.027204363456106495e-02 -1.017795049074000989e-06
4.044585931533615231e-01 1.144153992598553049e-01 2.735805138959111066e-02 2.439595586160060378e-02 6.302593914675427194e-04 8.251909904373041713e-03 1.548470648318907815e-07
4.106346808375666568e-01 1.212855092482433977e-01 2.475258077225695949e-02 2.171623284742574961e-02 5.034791079864097806e-04 7.559839434045425091e-03 2.539312507119476678e-06
5.867647040822510096e-01 2.883411666828064601e-01 1.221282881484051369e-01 1.094377244078411082e-01 1.265198033853872153e-02 5.876428600922020684e-02 -1.236691480936431137e-05
5.938182667750341315e-01 2.866628910441009204e-01 1.794843619839757431e-01 1.618178311234952926e-01 2.757564352608662603e-02 8.648175369077507058e-02 3.087236249879003053e-04
