5.201485744139930922e-01 1.949104359485549776e-01 2.545074045600054236e-02 9.858392137404151101e-03 1.384963098620791886e-04 2.495123443924742151e-03 7.213559177504408771e-05
4.666925108288848545e-01 1.469518044438881399e-01 1.422611535183795732e-02 2.159815843077527320e-03 -4.300151630180933026e-06 -5.010529424057388274e-04 1.117311485295132716e-05
4.967650822833360458e-01 1.743494492328548084e-01 1.354168340758966395e-02 1.731972279801585789e-03 -8.065864830184918134e-06 -7.115635406133975988e-04 2.301500692481708780e-06
5.452483605712564740e-01 2.229288485102276507e-01 1.496160803016586063e-02 2.105802055899075667e-03 -6.597596542820617060e-06 -7.334539658511599145e-04 9.807283967498649216e-06
5.399871651606773515e-01 2.141027718281339198e-01 1.565852495696591282e-02 1.968715906492180586e-03 -1.069558130659246004e-05 -8.942632654385703882e-04 -2.255184495904666129e-06
5.015700375840559389e-01 1.744783519664597216e-01 1.472430135468633799e-02 2.474408994881433302e-03 -1.949899993259109957e-06 -5.138988728112329476e-04 1.480783551400935187e-05
4.090919034014227074e-01 9.711679927281469116e-02 1.158283813017532346e-02 2.320862705120421612e-03 1.698557136652828698e-06 -2.055130522977845881e-04 1.191273106369965770e-05
6.660996361266786625e-01 3.667811022821106937e-01 2.980404584402349469e-02 4.979943770125239318e-03 3.731174648380303709e-06 -9.461090975107521762e-04 6.055519711316246096e-05
4.764123546748268989e-01 1.483894319213789614e-01 1.532428243958215523e-02 1.198123316003696457e-03 -2.331548272178785595e-06 -3.266296631174621379e-04 -4.573860375598157190e-06
5.688749841268200269e-01 2.471196229581392734e-01 1.626737789508501258e-02 2.029731913148190205e-03 -1.109882377413121937e-05 -9.781155330889418006e-04 -3.584098995793760477e-06
6.283373085088614918e-01 3.126205486948999690e-01 1.912058739883797445e-02 2.577665229600045824e-03 -1.101205776586107166e-05 -1.107555231289225704e-03 -1.436006820118718338e-05
4.234557164900286663e-01 1.034796657509534923e-01 1.206538971876576841e-02 2.051549710368386677e-03 -2.458268369753904390e-06 -3.771314184392838241e-04 -9.906445817563366911e-06
4.572545101106591514e-01 1.353068633361194928e-01 1.560864684533007189e-02 3.448488233421944521e-03 9.988869628960454606e-06 -5.603105934780852051e-05 2.324495422277604096e-05
4.746556006811450956e-01 1.504505646419966591e-01 1.588108059741326697e-02 2.148774821389497214e-03 -8.694709748053458949e-06 -6.885019785948020892e-04 9.053424122320650726e-06
5.090484509279308289e-01 1.860848404231450759e-01 1.470706738040150272e-02 1.868826823304105093e-03 -8.971954193654543006e-06 -7.653632184304273072e-04 -3.936450710527864635e-06
4.662681707820225396e-01 1.413852476015870496e-01 1.386415467114116874e-02 1.811100959464411082e-03 -8.984048121011953589e-06 -6.803038411345616824e-04 1.283680228258274690e-06
6.352308616801209951e-01 3.214555589789908074e-01 1.957677942273988378e-02 2.581151239082302845e-03 -1.229435266169407880e-05 -1.179175793112563876e-03 -1.361988277245235753e-05
4.295151854762705446e-01 1.072220876205687567e-01 1.265846018643406942e-02 1.990449700346889894e-03 -4.201438761003196298e-06 -4.475348227119027014e-04 -9.064866523094722875e-06
4.845211867606186718e-01 1.605057414530701165e-01 2.107106156363629940e-02 6.436691147004420382e-03 5.721052741814114601e-05 9.669794953149628454e-04 -4.843712167864598378e-05
6.343846937022401544e-01 3.280524690695376666e-01 2.719338527949830692e-02 5.028665070879977106e-03 1.437986879599775881e-05 -4.950599905098628829e-04 5.701921486715687406e-05
5.622719263736908335e-01 2.402594022282736330e-01 1.522102728699210178e-02 1.963269608946792855e-03 -8.995530332691227182e-06 -8.680510449877144007e-04 5.853393610474917872e-06
4.401607887166097965e-01 1.212482875268259958e-01 1.195567842845108621e-02 1.870513679162230441e-03 -3.266697928657838077e-06 -4.306372442220033963e-04 -8.220324689093732641e-06
4.862624626110371162e-01 1.615810439298498713e-01 1.340920225739930353e-02 2.050646451598122765e-03 -4.351267641102191976e-06 -5.462713272632823119e-04 -9.833501148397964339e-06
5.182116590000771517e-01 1.901196546891720796e-01 1.498983600783615824e-02 2.354146077134391859e-03 -3.734506464625105800e-06 -5.992948861745818478e-04 -1.347668916863989163e-05
3.936894247992268059e-01 8.207840994725112971e-02 1.426792338625530038e-02 4.123513586655500746e-03 2.058956175386894214e-05 2.769086233168082962e-04 -2.400927888986899292e-05
5.237266690376698453e-01 2.007846828779648596e-01 1.909311280125488078e-02 3.302005862053216355e-03 1.389573926017882423e-06 -4.662224264601352950e-04 2.618148659449976578e-05
6.915375760948609951e-01 4.028242058567068629e-01 3.241874993386444775e-02 5.968112918328824686e-03 2.082839395010113552e-05 -6.251651231399474665e-04 8.035904694265726144e-05
4.079203129803959937e-01 9.270104442610407891e-02 1.192292259267388119e-02 2.157803263921144726e-03 -6.601595338196853272e-07 -2.922049945698343225e-04 -1.092490521835247950e-05
3.897655429375223579e-01 7.901579909950742775e-02 1.083603936555442744e-02 1.984064873776899586e-03 -1.017412506479358008e-06 -2.728251550633728722e-04 -9.143170591634209693e-06
5.641876240523153729e-01 2.434229922976073601e-01 1.715208445284286884e-02 2.656552740488667737e-03 -3.960092616280300884e-06 -6.578249964162359749e-04 -1.748957486147840123e-05
5.132171811346524226e-01 1.866214059543711001e-01 1.532581494885117829e-02 2.653880911315955812e-03 -2.780760066933993057e-07 -4.615193283826768151e-04 -1.692292038085295712e-05
4.273264498367931319e-01 1.099535741984172255e-01 1.214843511122897478e-02 2.301246100130989285e-03 8.726794672229783284e-07 -2.688759665341194666e-04 -1.213626027375515989e-05
6.224574698274372153e-01 3.083369961249162738e-01 2.944858705651204334e-02 7.504322891706382247e-03 7.233816857193607066e-05 9.268748246889736350e-04 8.492530133472837362e-05
6.816185579993032650e-01 3.798039942197969920e-01 2.315036162298648656e-02 3.784880683992789940e-03 -9.666834463247607744e-07 -8.568766822130942980e-04 -3.541566957330144553e-05
4.101117572117829457e-01 9.315262169764550182e-02 1.209177046129534389e-02 1.994273394065325909e-03 -3.759965860497626174e-06 -4.034329660923787397e-04 9.042580368449995123e-06
4.048180898684358708e-01 8.961737465131293379e-02 1.292265894474096261e-02 2.719375586673238639e-03 4.244089088813783478e-06 -1.394481456064662259e-04 -1.555183892310132692e-05
4.080640958270551621e-01 9.186776441333088794e-02 1.206793363311549003e-02 2.158158655475664496e-03 -1.732332726952217754e-06 -3.402270554438780793e-04 1.087682071521345533e-05
5.669154824257013336e-01 2.449757528678880025e-01 1.742652524705379583e-02 2.894304387150113938e-03 -1.225969304078523583e-06 -5.614475465946458131e-04 -2.051860720009173643e-05
5.512634969949402608e-01 2.288235458334220707e-01 2.586495111671086033e-02 6.577710869689349683e-03 5.473962717036333760e-05 6.812245775263772209e-04 -6.606481192374454188e-05
3.832846245704866761e-01 7.168596460116315183e-02 1.206177722944956621e-02 2.710957141451834571e-03 4.591556524937906512e-06 -9.954241079075903768e-05 -1.480647532688118118e-05
4.536591689766056312e-01 1.347164241235574988e-01 1.453853306754377545e-02 2.813099498838280040e-03 3.642500099892126335e-06 -2.181517366213138920e-04 -1.761767251291011417e-05
5.503323072783414815e-01 2.281269198446037871e-01 1.637034351586495046e-02 2.590960531876644948e-03 -3.202309554963300458e-06 -5.983652690092731985e-04 -1.656743114093238577e-05
5.439758245218956345e-01 2.184438427293082796e-01 1.531863640632827317e-02 1.916917664886040942e-03 -1.037742220334648488e-05 -8.959049414197243957e-04 4.597335431871318548e-07
5.513897643203171661e-01 2.307355248636910050e-01 1.593456949560227709e-02 2.001031708833900767e-03 -1.004983825947159140e-05 -8.943969095089063324e-04 -5.164754276911851113e-06
6.386485713530761776e-01 3.247390876566284001e-01 1.974119617020090103e-02 2.649271089838016284e-03 -1.183614429239294473e-05 -1.172452472701873997e-03 -1.506581817965263869e-05
5.472114524379304568e-01 2.249568466209454498e-01 1.641048724252796090e-02 2.010006163809633338e-03 -1.153792737274353047e-05 -9.523282272154923048e-04 -3.748026669153363381e-07
4.908097170000291221e-01 1.664995974016808267e-01 1.522412508547495158e-02 1.910385573059729565e-03 -1.012207725271226588e-05 -7.723340413610242606e-04 1.920298914484753714e-06
4.204552471166549399e-01 1.022964451877684533e-01 1.185444008940888215e-02 2.078482238039366416e-03 -1.572903970838018410e-06 -3.383849628642231992e-04 -1.019655245822726576e-05
4.314280568484542000e-01 1.108891757816478918e-01 1.232358028604118444e-02 1.909793969893630160e-03 -3.958908740542153027e-06 -4.465624050436545526e-04 -8.376656515725551170e-06
4.646702468543280062e-01 1.461667746775123511e-01 1.346221338688799798e-02 1.687591122829660509e-03 -8.043142254476030273e-06 -6.450472690302433334e-04 -9.965655907999309537e-08
5.346599966117970837e-01 2.112207534855868873e-01 1.468611361163985746e-02 1.852094110898094836e-03 -9.320983561355125521e-06 -8.356715513160824834e-04 -2.534237047180588743e-06
4.215961645883797848e-01 1.039803694130128631e-01 1.220984975727532756e-02 2.104513106155138629e-03 -1.536186652347242928e-06 -3.439733582850688985e-04 -1.055680574686705148e-05
5.479547429537107162e-01 2.271738898842474152e-01 1.613872001735932107e-02 2.436049485507408609e-03 -4.704028547082240639e-06 -6.557417119285686644e-04 -1.453199643090995809e-05
5.836053676600349016e-01 2.627231594337411380e-01 2.595299677507611341e-02 4.068985619079455024e-03 -4.744305303408687374e-06 -9.142364835314336627e-04 4.154410211140261317e-05
3.891233393486345227e-01 7.903425745499355337e-02 1.231599946032187198e-02 2.953853547783534886e-03 7.151553542684828350e-06 -3.881494687762207085e-05 1.631799397724649161e-05
5.227177471953240451e-01 1.989727388899973082e-01 1.487124511294337856e-02 1.918907893487284020e-03 -8.862784736977574049e-06 -7.894998987518311341e-04 -5.150586752474644742e-06
5.723188610426114264e-01 2.490131487202209559e-01 1.774246926208213754e-02 3.218629594534884193e-03 2.990897957128275227e-06 -4.286799471725657551e-04 -2.413820678100731700e-05
5.719799810361753112e-01 2.497849848538782891e-01 1.695640311863633523e-02 2.292046692696169362e-03 -9.088895738223308295e-06 -8.948575754261757715e-04 -1.102577449637377466e-05
4.727766293755681359e-01 1.511471765993847860e-01 1.500216450130472529e-02 2.132175849039650260e-03 -6.475396576179987879e-06 -6.007961671195627754e-04 1.017294704513923350e-05
4.652793697904293313e-01 1.458656184252344890e-01 1.353130943585527032e-02 1.663834071790712367e-03 -7.243539435987440714e-06 -6.039281125596536503e-04 3.139621647729193556e-06
4.826954436981156782e-01 1.610646760585144055e-01 1.290848996535067655e-02 1.693066675769162215e-03 -7.120963137506119647e-06 -6.453069372943662577e-04 3.455213659557138534e-06
5.301228855210935453e-01 2.042823728152810270e-01 1.516828388471975694e-02 2.159604279073054026e-03 -6.708429027167797606e-06 -7.300956367572667555e-04 -1.038144184181065446e-05
3.892674550588626770e-01 7.917852994966984026e-02 1.225456027749056466e-02 2.944304600999892232e-03 7.143460056317770585e-06 -3.731966497274468754e-05 1.617887506043254835e-05
3.871165653174306609e-01 7.652446545678459611e-02 1.381630021109498882e-02 4.023248325873933842e-03 1.928494516161469142e-05 2.531478373223845584e-04 2.297480724607370463e-05
4.619131524443919612e-01 1.426619918290697175e-01 1.525952697943600347e-02 3.277111084760989980e-03 8.683822790289451126e-06 -7.239779654891626828e-05 2.148583308099348400e-05
5.093970488604853131e-01 1.844484195074444499e-01 1.471526470017737662e-02 2.718325615874754141e-03 1.841163791550250276e-06 -3.470551628214413645e-04 -1.709351900170150306e-05
4.908890291085584168e-01 1.650204636440668060e-01 1.387561559421790318e-02 1.841375271508295577e-03 -8.174957410763909326e-06 -7.068389622863643050e-04 4.449970633928770193e-06
6.780748815470883928e-01 3.803629850760238962e-01 3.035624569301123218e-02 6.786270170667746925e-03 5.068547529818432144e-05 2.981539148079184395e-04 8.317606466998916275e-05
5.947959705784763296e-01 2.780728392779571734e-01 1.828215136115072040e-02 2.731686367101039768e-03 -5.541638153439697589e-06 -7.795059162730642562e-04 -1.849205980427463247e-05
5.189540111625553509e-01 1.954935421398901751e-01 1.465644593280420425e-02 2.356561614905368883e-03 -2.819094435378615331e-06 -5.450444884688648113e-04 -1.355949772088006949e-05
4.280777845803876991e-01 1.111478340930332348e-01 1.308565609608720003e-02 2.833475370989173639e-03 5.960611745581029754e-06 -1.081086158316955096e-04 -1.619116941228370234e-05
6.380945243964194491e-01 3.324088840347102503e-01 2.725134070908416875e-02 5.358866466475634485e-03 2.229266929420706803e-05 -2.604635693630467843e-04 6.080153692805089887e-05
4.044651537061053626e-01 8.438316520218321071e-02 1.429203259400830227e-02 3.712890893341182219e-03 1.444514672824529320e-05 9.300283459738351455e-05 -2.286624307262096842e-05
4.830183390228772744e-01 1.583635363727857182e-01 1.519690729636030864e-02 1.553180253839029799e-03 -7.070601193945784387e-06 -5.944305199541608485e-04 -2.635723004306254117e-06
5.676839846567541814e-01 2.450227987904021743e-01 1.684565811197553942e-02 2.069714277900429941e-03 -1.221842400175981811e-05 -1.024497560760021181e-03 2.547736804144103461e-07
5.523145939242750657e-01 2.289014465132405141e-01 2.305216937850307346e-02 5.597409657216674550e-03 3.711874831422348601e-05 3.967979060078656844e-04 -5.162279630511715001e-05
4.161585507030444164e-01 1.025772959409077117e-01 1.403206836907689575e-02 3.722248576775783867e-03 1.603584709532895213e-05 1.796971963381330999e-04 2.159900483253895516e-05
3.938989734684245625e-01 8.193763457253769311e-02 1.208801101871530281e-02 2.335459990455991761e-03 3.651378680463842071e-07 -2.468274948662015382e-04 1.240360630570950744e-05
5.750639564911218526e-01 2.542047068395695830e-01 2.375221742054781093e-02 2.836386116889842192e-03 -2.229648253126223224e-05 -1.397345492583899158e-03 6.698359719071300898e-06
6.986822007841380078e-01 4.071659563367480139e-01 3.168516868791168561e-02 3.797055232672517672e-03 -3.650097266858293101e-05 -2.261371670167012030e-03 2.005663755230645929e-05
5.055419259782445440e-01 1.843878040597009826e-01 1.337513656364680559e-02 1.879650109559891612e-03 -5.518754482333400057e-06 -6.057734056402457740e-04 -7.639838507441568574e-06
5.810731802857219686e-01 2.599709153160134067e-01 2.309420465050137511e-02 2.769048531687837503e-03 -2.115104782974908056e-05 -1.373599422701565244e-03 -6.555168080085026627e-06
5.257311859902757956e-01 2.029928987781836058e-01 1.439143799658229236e-02 1.836232955646135935e-03 -8.501563910012845893e-06 -7.779609764759907358e-04 4.101880753233277551e-06
4.729113655306119712e-01 1.525436604042546829e-01 1.513841122577071728e-02 2.266228785524093160e-03 -5.031249427596972771e-06 -5.534141560169007984e-04 1.228335080358794965e-05
6.041412810899474684e-01 2.911237453576042689e-01 2.786588129235890304e-02 7.422291696975418483e-03 7.350939052189211739e-05 1.039309538955595193e-03 7.739927768619247637e-05
6.496906249078419071e-01 3.407863574337685608e-01 1.939154917057933636e-02 2.335818297956026961e-03 -1.556546769928336229e-05 -1.355298781683085671e-03 -2.201955558573719330e-06
5.047919890542651444e-01 1.800753328627135164e-01 2.827602996576181540e-02 1.183051459543540268e-02 1.974634083166544574e-04 3.140875265538725994e-03 8.847586853702341190e-05
4.848014865252510130e-01 1.634479493813461859e-01 1.538688415130745266e-02 2.183368485979393214e-03 -6.442781033691547007e-06 -6.249656607217927116e-04 1.089230748649389489e-05
5.778955068897323466e-01 2.558249013122917970e-01 2.439653793535620160e-02 4.524513484972132737e-03 1.073455577174029607e-05 -4.171560506655765674e-04 4.630802615294374070e-05
5.802180401686231059e-01 2.598702933453077013e-01 2.393745741731228421e-02 4.586482399132727102e-03 1.353290420406040791e-05 -3.174793587022019074e-04 4.611243317356095346e-05
5.042516477371002948e-01 1.801224513393949178e-01 1.468738898456702253e-02 1.902574667008277362e-03 -8.793962334941813342e-06 -7.543173917752434400e-04 4.880278744974328942e-06
4.321180123754274072e-01 1.141099149234456878e-01 1.934375349303529834e-02 7.390259862688420417e-03 7.640662190399528822e-05 1.370301941123662059e-03 4.438096313019080670e-05
6.255180535909903305e-01 3.134169943039544770e-01 3.208839491510893233e-02 1.031792296725945503e-02 1.536551358090161243e-04 2.570302142526930799e-03 1.078763952456363723e-04
4.078209890633492374e-01 9.284032590612720237e-02 1.402605452665456678e-02 3.617296739295607251e-03 1.443662133864861981e-05 1.386387516447603317e-04 -2.134154257331197737e-05
5.025675027449374443e-01 1.648234182054895136e-01 1.079404158798323923e-02 4.259465017954026760e-03 -2.854367952858958771e-05 -1.729168461370465815e-03 4.406603602726342209e-06
4.102662835283563680e-01 9.538112411083023157e-02 1.283978095658401541e-02 2.519297507662313432e-03 1.461669087802462188e-06 -2.454564699034912970e-04 1.425366092691641377e-05
4.965506876821788040e-01 1.749380948913902556e-01 1.577686481527838108e-02 2.043913996864058381e-03 -9.411697204764268987e-06 -7.601435327351235014e-04 6.792102838105165993e-06
5.485346253115624959e-01 2.218454520915202344e-01 1.647738981738721895e-02 2.080876232077203541e-03 -1.161944488471156089e-05 -9.458414853768733503e-04 -3.668045037618561979e-06
3.863002575159176222e-01 7.810435252355064917e-02 1.058276559136522854e-02 1.903365549709382792e-03 -1.703632854137564972e-06 -2.834451989442367975e-04 8.370856476683570687e-06
4.188893274491054530e-01 9.968926055093035865e-02 1.407636206301097516e-02 2.917698931421562961e-03 4.122629113421297429e-06 -2.068033735214193933e-04 1.823832446786536387e-05
3.946050121210845640e-01 8.095517608199798154e-02 1.137508861559482533e-02 2.174467335888774933e-03 2.477818003385993335e-07 -2.373212109379059769e-04 -1.081166805550603953e-05
6.061722069296828774e-01 2.929619002589592403e-01 2.483562044479922098e-02 2.922825723192376199e-03 -2.426281657956253250e-05 -1.559940098512814337e-03 5.607781133881721460e-06
4.891769988074756159e-01 1.652181375599260926e-01 1.354768018845453614e-02 1.949315220910086740e-03 -5.652625418638442166e-06 -6.024179408331501590e-04 -8.270210933120654537e-06
4.187638139228910261e-01 1.031532033481682709e-01 1.281594188515688439e-02 2.654141204050258947e-03 3.509054878887794295e-06 -1.794889532841445479e-04 1.507667997542562886e-05
5.640338639779438612e-01 2.443303700545630119e-01 2.699602452898932498e-02 1.021906600461917024e-02 1.503908082003576057e-04 2.840079464822636238e-03 7.868896125473150973e-05
4.499834972764605312e-01 1.302628980494850430e-01 1.285854241457223476e-02 2.210442785041924225e-03 -1.131158988358473615e-06 -3.734633118878215438e-04 -1.173018497055104686e-05
4.995049537156286412e-01 1.721118413395808233e-01 2.360170811830346674e-02 8.493098832384799249e-03 1.029853688595297435e-04 1.800692312188555176e-03 -6.207364462458428911e-05
3.833701507082413196e-01 7.016010001659883644e-02 1.198765185673756825e-02 2.495306014793583112e-03 2.124323503090325431e-06 -1.675683490389693231e-04 -1.348114348882191564e-05
5.410522114630784696e-01 2.178732574286751933e-01 1.563228720723904702e-02 2.260091590635168908e-03 -6.064374317409115030e-06 -7.044732208830689450e-04 -1.198714087201822222e-05
5.486040784718344554e-01 2.295713930755782783e-01 2.872258351040452018e-02 1.214354681290023830e-02 2.094691987101455566e-04 3.735083986830281706e-03 8.693573409886965798e-05
4.293627657037866197e-01 1.046495983853416578e-01 1.184537727349753954e-02 1.677339191279461367e-03 -6.016618138754429020e-06 -5.025349691351008478e-04 -4.438499402891256638e-06
4.324284940775996455e-01 1.117538529903472494e-01 1.183950035169826012e-02 1.742440582310145897e-03 -5.635591136672118863e-06 -5.036952575000516307e-04 5.556410967446185977e-06
5.655416378250891496e-01 2.413970757714568593e-01 2.299421357957993906e-02 3.328959375940239267e-03 -1.007989895518788669e-05 -9.768870316192634819e-04 2.732553843146329792e-05
5.520401236491497832e-01 2.255645592082647366e-01 1.642494636973481151e-02 2.059646413857033325e-03 -1.169154427760595318e-05 -9.593684460715832564e-04 -2.611077986010152383e-06
4.009482230339583841e-01 8.412644798711080285e-02 1.226471426703634737e-02 2.355967643891147042e-03 6.952612349610581102e-07 -2.383928366301423386e-04 -1.264524502307194954e-05
6.759523772655480212e-01 3.736878690358581001e-01 1.992158910518400383e-02 2.649126507186732194e-03 -1.164686050720382771e-05 -1.228398459223357378e-03 -1.532049152437573816e-05
5.060315467685447821e-01 1.804362849074039599e-01 1.415334333763536984e-02 1.799507939733975418e-03 -9.073319122606150891e-06 -7.643897371048195399e-04 3.866574353299192360e-07
4.776645758646417828e-01 1.545697816050597417e-01 1.409113375956338662e-02 2.092101966909063956e-03 -5.173579644944958599e-06 -5.699109054055743768e-04 1.011262566069896383e-05
5.181332585423866766e-01 1.901955603738009759e-01 2.777447363650286521e-02 1.085521788514216303e-02 1.673013361074853660e-04 2.707079092718878404e-03 8.681879482451875039e-05
5.413230981869094904e-01 2.151370613111896479e-01 1.585330612673804124e-02 2.001164624825543456e-03 -1.082189457008484484e-05 -8.997069508455343700e-04 -3.151941277274193002e-06
4.222257286188197956e-01 1.075074250964199590e-01 1.112549694209670655e-02 1.728109191113976449e-03 -3.609216632860008519e-06 -4.065033369757118276e-04 6.662548962770076298e-06
5.148762502279113917e-01 1.920489787453633357e-01 1.416016140920071421e-02 1.778411940156893450e-03 -8.665333602004811559e-06 -7.643451077251022093e-04 -2.135002963759446930e-06
6.742347688938079564e-01 3.693531528294582422e-01 2.198969402508301613e-02 3.195680486737666453e-03 -9.215478802031199697e-06 -1.157847174482759880e-03 -2.515391120618184955e-05
3.831672962700191087e-01 7.014731971468496363e-02 1.182001688818768229e-02 2.423410693556352514e-03 1.590973256419338130e-06 -1.826017608616794423e-04 -1.287234023230670366e-05
