8.591575030695837167e-01 6.609344321832281155e-01 1.197401370483977198e-02 8.213218236281164333e-03 8.142116223810881689e-05 6.618733625518281177e-03 2.158963663214261223e-06
7.819197726320317177e-01 5.509007728075443477e-01 7.056320322521249765e-03 4.579543651905671961e-03 2.595194146791045649e-05 3.243398398281646580e-03 -2.051413799409037439e-06
1.011036202401549122e+00 9.452107983686298676e-01 1.923856599100221693e-02 1.736678364109151690e-02 3.174427183547236611e-04 1.688189710963002368e-02 -1.800874710571596406e-07
1.142631557987346280e+00 1.229959248734215471e+00 7.787790553378892353e-03 6.923417897832514351e-03 5.083749019982803020e-05 7.677322889335308834e-03 -2.140468276279009895e-07
1.001107867382206695e+00 9.405996838573635888e-01 9.100403575548590739e-04 6.088946715014059274e-04 4.517834827467496108e-07 5.615974314733704299e-04 -3.650629531638581857e-08
1.161524556535605157e+00 1.263891420822004452e+00 1.919544897574917974e-02 1.451386222599984968e-02 2.421214199136708192e-04 1.604953305993970028e-02 8.058626949721697954e-06
1.436455508724481245e+00 1.976380463369576068e+00 1.628918468233719625e-03 5.522152731366711557e-04 4.631535255630210432e-07 5.234004705648928613e-04 2.445159351567144821e-07
1.104481745343454113e+00 1.157228573864630849e+00 7.461826598441084410e-03 6.035022844989272259e-03 4.049359338821481927e-05 6.422876130760207455e-03 -6.423575784333022899e-07
9.650158039110774411e-01 8.708134694972778922e-01 7.023652801518118390e-03 5.609266036135315131e-03 3.520751854992235861e-05 5.218268320845886182e-03 -1.715948077989279183e-07
1.077135451102294139e+00 1.096981848424090300e+00 2.485719921129125182e-03 2.017528303512142272e-03 4.518059127160907946e-06 2.107047142665943208e-03 -1.849904358280052592e-08
1.262291354010223854e+00 1.528780496460055538e+00 3.513458791821292681e-03 3.089155730888997441e-03 1.017715688336110044e-05 3.812814689137529901e-03 -1.783151253304675443e-08
1.079727436034252142e+00 1.103297156802698797e+00 3.155341508758388591e-04 2.363470422648832764e-04 6.440445496237317684e-08 2.335761491940514421e-04 4.225104459652758506e-09
7.416686050854021106e-01 4.849425609240852753e-01 8.970827662152656284e-03 5.565348659595481008e-03 3.924392790930062889e-05 3.756281185031601789e-03 -2.504136227023055073e-06
9.140820574661370213e-01 7.734145752584422606e-01 3.442754217660071083e-04 2.918870806486009760e-04 9.247305383970123252e-08 2.465357781185377396e-04 3.201503561619162100e-09
8.340220824356108231e-01 6.177699198815657100e-01 1.545768553944208007e-02 1.056254332432565030e-02 1.348517959887007476e-04 8.153237174062685083e-03 5.555684038914260184e-06
1.401306663346735482e+00 1.874595442010158264e+00 1.280510718326468775e-02 7.804318241207287843e-03 7.745980670158398305e-05 9.863194466966849344e-03 9.314810813536898926e-06
9.825818799008800841e-01 9.036237868872741830e-01 6.323504115548618607e-04 2.878864758525741968e-04 1.175678118625798005e-07 2.090137709391601121e-04 -3.557329660629761938e-08
8.552841282851361138e-01 6.685406245967914218e-01 1.293760856933785092e-02 8.593980281795301698e-03 9.044278897169743495e-05 6.751072852429756445e-03 -5.646006499449299088e-06
1.361511839936774715e+00 1.773596637111019447e+00 9.067969723765152137e-04 2.917115435770971789e-04 1.351512665404343131e-07 2.861593130330836892e-04 6.514520221555006935e-08
9.289403635617387023e-01 8.002730588188881056e-01 9.067347525022893123e-03 6.581280555779614287e-03 5.080683546612367276e-05 5.746197118125118825e-03 -1.836682905374272369e-06
8.600636980135392129e-01 6.693308442990449914e-01 9.120200116130693785e-03 6.703531695974585675e-03 5.239415268550016189e-05 5.410413061155344011e-03 1.487107610698548064e-06
1.203136345933240259e+00 1.381197820816052912e+00 2.621130392328752112e-03 2.163813024513079174e-03 5.152931655337496453e-06 2.528633458889915833e-03 -4.886529846818346257e-08
1.177107463903090734e+00 1.307333989973260335e+00 6.534049719237189011e-03 4.187092538811269804e-03 2.181890612022060780e-05 4.553600931965452389e-03 1.892233308340583034e-06
9.800305364162413824e-01 8.983026397834218413e-01 8.817469579211012140e-03 6.443236195246632853e-03 4.854750905605535998e-05 6.008296199250611445e-03 -1.322615525448527808e-06
1.000211745750507530e+00 9.381791358642995737e-01 3.507814346225630354e-03 2.805366110296905399e-03 8.800396122321769781e-06 2.713972288235369425e-03 1.191986772478492788e-08
8.368585543380342440e-01 6.368120478176340082e-01 1.520433301232389407e-02 1.052173093135021567e-02 1.329493165283737331e-04 8.155968142066767623e-03 -5.907858467668608012e-06
1.010355346133506194e+00 9.580176917193029551e-01 1.669498345800180536e-04 9.345805502071897726e-05 1.141662549247045149e-08 7.365011590763775060e-05 2.437610280584893857e-09
1.081991515530677850e+00 1.107712841487919597e+00 9.408386995922834572e-04 7.968268646087316599e-04 6.898695377936791731e-07 8.379883515163590035e-04 8.952985273366643227e-09
1.354570953512670428e+00 1.758085234978912448e+00 2.892317058107061849e-03 2.463740781899011103e-03 6.574590652968855014e-06 3.156787133534537902e-03 -1.709440890753406993e-07
9.949548453625250977e-01 9.270156526264438090e-01 8.498921182289003980e-04 5.421509258331982245e-04 3.656015710514365779e-07 4.777911041482599285e-04 -4.205311524167349468e-08
1.090801124667225119e+00 1.123528899293444017e+00 9.607116584546551100e-04 8.138754249482165175e-04 7.196380785444277997e-07 8.571270177373603626e-04 -6.784239964883086172e-09
1.215023213968942972e+00 1.397085873750549823e+00 5.777123447200972761e-03 4.202256299680177942e-03 2.069642021790344929e-05 4.923426738538793333e-03 6.032336381236920599e-07
1.035583395625387260e+00 9.965952961765600637e-01 1.384529828697350466e-02 1.215296747909541675e-02 1.576428873872169503e-04 1.211465165883173281e-02 -1.793896659183196862e-07
1.005557743871620113e+00 9.386914468212911311e-01 9.292594181859729907e-03 8.090524593200519934e-03 7.015087123148277474e-05 7.809592263775944412e-03 -9.988061934269236528e-08
1.006993160293645051e+00 9.533137898588459613e-01 7.614375442098529276e-03 5.994309991187095690e-03 4.048971896523016989e-05 5.773702917911429505e-03 -7.829408694422858476e-07
9.723057643556971552e-01 8.835998168351331117e-01 2.323306980784628235e-03 1.607470782438426065e-03 3.099508589293061392e-06 1.443699133012332162e-03 -2.079337276283133735e-07
1.027781109484405819e+00 9.942034936458794547e-01 1.432710987447140564e-03 9.702778137895415799e-04 1.140316216389397002e-06 9.159534483723413747e-04 -9.164820750524304077e-08
7.512635134277830806e-01 5.000714174055345129e-01 9.407129050902088285e-03 5.678904894350796789e-03 4.136369798191363032e-05 3.820079976251908836e-03 -3.450805927742813236e-06
1.445765243314430570e+00 2.002834820611766098e+00 9.166173109075014327e-03 6.145103038274226520e-03 4.596176387034648872e-05 8.260603903844501023e-03 3.815206507358352863e-06
7.113335288077149432e-01 4.401421790027832404e-01 8.874513940201238585e-03 5.076488186053312174e-03 3.392804826644684694e-05 3.206309964399791865e-03 -3.145506736599190762e-06
8.687608561783983774e-01 6.936786392564529002e-01 6.566118253400541130e-03 4.925454462304441373e-03 2.800816455480938460e-05 4.065329574273112041e-03 -3.761531377738048718e-07
1.147262882605688539e+00 1.251123574492416290e+00 1.848715763070083807e-04 2.059481960819165193e-05 -1.108655353229071308e-09 -1.982810528380865277e-05 -6.211100386915039901e-10
1.065336713408648883e+00 1.055456741092471340e+00 1.491141068022353369e-02 1.052259032534120196e-02 1.316713420947764773e-04 1.060361694741243123e-02 6.011128790174883047e-06
1.087900559230486230e+00 1.110257925210389907e+00 1.815153654441874296e-03 1.604933669736120089e-03 2.739275054812793871e-06 1.690863837941042856e-03 -1.520097004047864771e-08
8.420607433274984732e-01 6.270601793703015625e-01 1.553088396200477672e-02 1.194144891182967461e-02 1.626218545340984577e-04 9.440977864614725004e-03 7.578213295760835675e-07
8.755889959394995703e-01 6.916224188946948903e-01 1.421829069781214636e-02 1.133654054417764477e-02 1.439254786913630665e-04 9.395343768300227702e-03 8.072128608639390218e-07
9.623267984654718665e-01 8.637468944888616607e-01 1.019011415254496462e-02 7.764016299229362962e-03 6.904605954387829419e-05 7.134811642128459364e-03 -1.327748385283143294e-06
9.121026933330909081e-01 7.680403782002702684e-01 1.516955990927506756e-02 1.086609580830937005e-02 1.393705211244485953e-04 9.267911142853683948e-03 -6.175058135735992683e-06
7.688755316285498242e-01 5.265954992778002497e-01 1.116024199759950083e-02 6.326131239747561676e-03 5.276962081979692652e-05 4.265865000129155996e-03 -6.389121816948115208e-06
8.667030325963314130e-01 6.730931365262327049e-01 1.838155914254439513e-02 1.484397681667658925e-02 2.451931454398427815e-04 1.214920266146023164e-02 1.511254713307933514e-06
8.435485693994162482e-01 6.511793510262346985e-01 5.135452650982707395e-03 3.597386796162451231e-03 1.544160902816072432e-05 2.832284813652142640e-03 -7.968683458564466529e-07
8.272057646240855711e-01 6.213048059597481299e-01 1.055027823085465111e-02 7.029938600977306447e-03 6.046849950959460728e-05 5.386942048815266532e-03 -2.989376533821583017e-06
1.216054678866852257e+00 1.400531202498040528e+00 1.960738187674387380e-03 1.862489292124306023e-03 3.558694819779700885e-06 2.156010469616985795e-03 -5.902766169152717964e-08
1.009327707322655643e+00 9.383472936806807052e-01 1.972045039198197167e-02 1.484562192129709746e-02 2.539119245321639360e-04 1.420732490797690234e-02 7.166455392385692096e-06
1.356310892212742925e+00 1.754061446977686067e+00 5.408142318966829842e-03 3.317091534742611612e-03 1.395944886454492502e-05 4.085335697123541887e-03 1.587975477490710499e-06
1.039721423236628084e+00 1.016980460761172544e+00 2.310737804596283036e-03 1.735278461853495156e-03 3.470936171834519422e-06 1.694244798241997807e-03 -1.636992996587761838e-07
1.173409380676163183e+00 1.312925248030458070e+00 2.745557757632315424e-04 1.714929572648184967e-04 3.688225228373330632e-08 1.605167617516066231e-04 4.944020748596044839e-09
1.046518965376447730e+00 1.032707234221764692e+00 8.310653421798315336e-04 6.833385949649806255e-04 5.146299980277824582e-07 6.831241008442063721e-04 1.836689305409154115e-08
1.153189840294957413e+00 1.250228730095681584e+00 6.407320116827915600e-03 4.883352259019030708e-03 2.730351154213398889e-05 5.373830491931177664e-03 8.221209994476778534e-07
8.735692355240869400e-01 7.015267268226672570e-01 5.525229164014603539e-03 3.891267632997590879e-03 1.803460003308877805e-05 3.198008386324814600e-03 -5.546394970313302372e-07
9.204383338926882541e-01 7.750542116615620758e-01 1.195214227691732481e-02 9.173689996875596456e-03 9.603337133068663820e-05 7.952206825761566622e-03 2.227459162317197897e-06
1.153334654532562675e+00 1.251364738056899739e+00 1.261620378907186459e-02 8.951025345854153950e-03 9.498597134073881237e-05 9.731070637834123710e-03 5.054692738652519229e-06
8.542985392003142886e-01 6.509036481369147031e-01 1.210810261867152106e-02 8.378413221779033859e-03 8.433795531153798089e-05 6.659576465864647590e-03 2.905919263323895755e-06
1.148169642412461666e+00 1.241638165312299424e+00 2.455012369614940665e-04 3.269086278188489049e-05 -7.890220518470027626e-10 -1.443049682931228706e-05 2.820353400083914923e-09
9.632837540066094828e-01 8.661534771700484248e-01 1.533231907096232680e-03 1.276186359962754599e-03 1.784807876545376804e-06 1.184437009062187405e-03 3.502309098854186229e-08
1.170794323006847382e+00 1.295502754628377495e+00 7.624236672029384779e-03 5.586286850347091555e-03 3.644228047722791058e-05 6.290135750021866312e-03 1.042078675936921337e-06
9.786416028841204984e-01 8.885840010303007741e-01 6.758149568953354669e-03 5.615498802500696121e-03 3.459217376418226612e-05 5.245666956949799307e-03 3.197652398581541706e-07
1.226491787750561668e+00 1.425628844326913836e+00 1.878302657748133671e-04 2.079029828813790581e-05 -8.892247749432857348e-10 -2.335006186887569952e-05 -9.471975865470197465e-10
1.187090244794009264e+00 1.339060711384034708e+00 4.536279531790182035e-03 3.957612737946637066e-03 1.676785108741104743e-05 4.547214160879746100e-03 -1.704548785657056785e-07
6.777123307500005911e-01 3.918649015095443944e-01 9.582531475640875679e-03 5.176613375087770787e-03 3.626088400416731396e-05 3.081380103235200653e-03 -3.798851567846209975e-06
7.053303693983311584e-01 4.305560210869935900e-01 9.253218827915939484e-03 4.970279758510274745e-03 3.344303547280077452e-05 3.024034079345209319e-03 -4.208621638961485483e-06
8.557645109909615133e-01 6.723322561711256862e-01 3.577743149866347613e-03 2.387649453563193882e-03 6.960039688044228923e-06 1.871630184437612313e-03 -5.068911135852735305e-07
1.405272950420511258e+00 1.888367798645766760e+00 5.813863863536299602e-03 3.164264500455110478e-03 1.339348945856463497e-05 3.929532298627581334e-03 2.193561627437469100e-06
8.970614747122793720e-01 7.415179280516734917e-01 4.534900492752705521e-03 3.149295520715278927e-03 1.188141622659587038e-05 2.618866579265624692e-03 -6.922088776992985744e-07
1.162299537266691329e+00 1.277770670942467879e+00 7.077955359235957528e-04 7.886717469106228808e-04 5.892481153946183071e-07 8.865949961736575499e-04 -4.595321386206097240e-10
8.670694867924123583e-01 6.720699643490518627e-01 1.761909422087290858e-02 1.310763451793423538e-02 1.991745406326844681e-04 1.069836982183583821e-02 2.849798959572009764e-06
1.182329501625480228e+00 1.318097859277727046e+00 8.786906519218311284e-03 8.787043428047916147e-03 7.720985182560543972e-05 1.007646711623000693e-02 -5.091688241981224042e-07
9.477566871782330260e-01 8.344855753816927679e-01 1.140980577074644439e-02 7.921050913422822415e-03 7.517259864845007118e-05 6.956325512532725644e-03 -4.432804745733228032e-06
1.164976625075635486e+00 1.289404305305813070e+00 9.374709952364762740e-04 8.272031742894477707e-04 7.284454421590585709e-07 9.389442571293377202e-04 6.596533439181861080e-10
1.144634841627474975e+00 1.246254064567110076e+00 2.015854417570525983e-04 1.587736448559699386e-04 2.835152036221040990e-08 1.697376828643526198e-04 1.744785327611519921e-09
1.017064612476196173e+00 9.727007966791685334e-01 8.500137093410995576e-03 6.873167843713616672e-03 5.253419330114983529e-05 6.756591677156534997e-03 -2.834560349223649720e-07
6.791532035971378223e-01 3.946946945569778098e-01 8.081808110496784686e-03 4.317938247697034222e-03 2.533850328070746372e-05 2.539101909672311641e-03 -2.931866579083496947e-06
8.628849198763960393e-01 6.600721501143452796e-01 1.750768246746231549e-02 1.298448925814613825e-02 1.957667753570263005e-04 1.052149243054063474e-02 1.494249123401198451e-06
9.986628911373389705e-01 9.244711503511087169e-01 8.081378040671022278e-03 5.656594818892461685e-03 3.821563174973889940e-05 5.343446284414179667e-03 1.499972168524005796e-06
8.962762225567317831e-01 7.285676780989576162e-01 1.302562819329507182e-02 8.875393229081438365e-03 9.533596413365865981e-05 7.419123762626524121e-03 4.214684432930741747e-06
8.615547469814325288e-01 6.795922102597183878e-01 1.193475308276918494e-02 8.368422062659279168e-03 8.354308404987727016e-05 6.717777198029763024e-03 -3.853783933979172108e-06
1.171997915832736714e+00 1.298446542347291510e+00 6.220036039397648306e-03 4.348425425854058994e-03 2.259990620468101225e-05 4.897448225020935471e-03 8.231124468805663949e-07
7.483693708477172635e-01 4.952228198380473345e-01 9.301909599292690692e-03 5.704095015599782055e-03 4.144209135183804136e-05 3.880975665964478925e-03 -2.986143311677597317e-06
9.394630401782788631e-01 8.187758042165445005e-01 2.569211725389543635e-03 1.810905105345731077e-03 3.901878502651241297e-06 1.598695409911764492e-03 -1.815777716254652512e-07
1.081575464395855724e+00 1.093956554462248265e+00 8.943520098147228134e-03 5.836263909489800700e-03 4.206848274295313985e-05 5.891580156727688547e-03 2.857797848049993800e-06
1.146301953979632859e+00 1.246053066382842189e+00 3.073573197132003013e-03 2.383073500169887154e-03 6.444527466334003921e-06 2.580626974501576583e-03 -2.539248829763757926e-07
8.902206405487271823e-01 7.297750582770063943e-01 4.690381276752664599e-03 3.493890710794634886e-03 1.413702678196181944e-05 2.941248259721310036e-03 -4.397051981149600619e-07
9.040981742228714202e-01 7.394516719667016957e-01 1.386005503340871983e-02 1.052036080060272071e-02 1.270276397423083787e-04 9.009955259820264309e-03 1.498102767089846141e-06
8.617017137790921044e-01 6.624544703332226891e-01 1.558148659570294213e-02 1.055740653615741195e-02 1.353125324179746251e-04 8.465062411434149531e-03 5.050387845511861818e-06
1.183088067515642106e+00 1.331291128835596194e+00 1.870298102608566014e-03 1.592909678961884103e-03 2.749353205718625153e-06 1.833140696738308787e-03 -2.010083792324653013e-08
1.575307768117658158e+00 2.386237855674978370e+00 1.112281567968504553e-02 6.716416108359023369e-03 5.762225884894659524e-05 9.615900493494644596e-03 7.046761093828162137e-06
8.797775847854596432e-01 6.839214354484537406e-01 1.665895397957264587e-02 1.021873218473057406e-02 1.162868574245054781e-04 7.666634805076090291e-03 6.521932795862270217e-05
1.015607580645299324e+00 9.670344324007645875e-01 8.151701086180275502e-03 6.477108433352603452e-03 4.705326092058881695e-05 6.283412377369750404e-03 -1.040450580804886615e-06
8.952880701478411751e-01 7.382163766324124632e-01 1.565634259911640250e-02 1.148406123699000254e-02 1.539036163738121180e-04 9.644995098761785166e-03 -5.113510991019073484e-06
1.327911716786019491e+00 1.677877193490436625e+00 1.259906805881658154e-03 1.603907734974709251e-03 2.273725592035410652e-06 1.971853149471230505e-03 1.692755316549043607e-07
1.113851879161997571e+00 1.164955475251683747e+00 5.501306498512619284e-03 3.819366488601339329e-03 1.748075914407051763e-05 4.005953988687999123e-03 9.641926495481996514e-07
1.116565837736807953e+00 1.183556073880090986e+00 9.710071754718197683e-04 8.359640325294598329e-04 7.531289283962952141e-07 9.091303474139971657e-04 7.797952419845167472e-09
8.834975532370870077e-01 7.169128307773314779e-01 5.991529452942624158e-03 4.186638195021928632e-03 2.094943331623174806e-05 3.472273636887688100e-03 -8.935833560069672524e-07
1.006837865954041566e+00 9.499245078173835788e-01 1.954298056179707191e-04 1.644543388533727915e-04 2.946535943296235817e-08 1.497590929501990383e-04 1.003386780928278951e-09
1.252801196842836751e+00 1.503549058366368651e+00 9.133544482510906615e-04 8.159701135140874076e-04 7.043844534898045491e-07 9.979931746272993533e-04 6.974839288332287892e-09
7.381079986761427403e-01 4.794904306516277748e-01 9.347789761117667601e-03 5.418832508432020606e-03 3.840011601497324089e-05 3.562336772779917463e-03 -3.581258237491071519e-06
9.152495487988355771e-01 7.618230335453228808e-01 1.719298671808003678e-02 1.231018135814835809e-02 1.789530061811368800e-04 1.052500112837389395e-02 7.014128003866503208e-06
1.162249952980888290e+00 1.285173050588326094e+00 2.183716458810079652e-04 5.472280275685473250e-05 4.220921804509808649e-09 2.428944398460192554e-05 -4.238966568995617982e-09
1.083556518340218933e+00 1.107433920667905358e+00 9.774936258359154945e-03 7.010053220380296074e-03 5.793063500722363897e-05 7.040352284107965174e-03 -3.363190471462818904e-06
8.198502152394377962e-01 6.072153332202739895e-01 6.767210562333692697e-03 4.468896751285754074e-03 2.451657647243135515e-05 3.359144361450534539e-03 -1.703209167914543126e-06
1.086710240293656149e+00 1.118072567757630198e+00 2.420099331793719715e-04 9.404701832882539857e-05 1.289850331073885647e-08 5.844576865374215085e-05 5.911004443682769271e-09
9.306859864679379868e-01 7.912228315389826516e-01 1.195184071008747323e-02 7.739933815773600637e-03 7.425006959828464375e-05 6.629479163665194866e-03 5.354638836605011285e-06
1.394613386371137187e+00 1.860123592614859822e+00 1.684469797757828617e-03 6.064872590624735766e-04 5.564593001812384185e-07 5.816903459208932169e-04 2.571543990949391775e-07
1.022938828159844382e+00 9.843896290783399339e-01 1.228645632886799497e-04 2.328395770549430255e-05 3.968613227576613431e-10 -1.504031922830626646e-06 -1.180444157927385685e-09
9.511135410640223498e-01 8.249547459555137685e-01 1.785467408544272674e-02 1.449302022398079627e-02 2.331324737136253095e-04 1.312557765859137526e-02 1.699477822826348200e-06
1.064967047165822134e+00 1.072059977667007002e+00 4.103819974928179723e-03 3.491251229093717857e-03 1.321466573974493350e-05 3.614852667465180778e-03 8.796009942423480053e-08
7.252858535556397923e-01 4.635558466847078396e-01 7.313969999218531727e-03 4.178006627532340929e-03 2.295847254984659664e-05 2.669763020808631204e-03 -2.513522449824693049e-06
9.009991120302774936e-01 7.506036086907926785e-01 4.633805613416325936e-03 3.199409495814127449e-03 1.229107812166989092e-05 2.650690737374577013e-03 -8.281895235545712873e-07
7.742024525520451173e-01 5.349532274998983761e-01 1.089563050022963019e-02 7.079150092089230538e-03 6.208931923568006739e-05 5.053045926266112355e-03 -3.213701556036050957e-06
9.628487704382129309e-01 8.655760857039425105e-01 2.102056926758820768e-04 3.287944536911455482e-05 -8.251901783633355768e-11 -9.786252472790442014e-06 -2.732190465313153370e-09
1.184675492001187269e+00 1.326421630726023482e+00 4.485490215239097342e-03 4.191882130612225102e-03 1.817652569615357003e-05 4.827586416550132091e-03 -1.080680727771388408e-07
8.238663820142319016e-01 6.177635431974854985e-01 5.432509664405412927e-03 3.777315332544862580e-03 1.710354810632246336e-05 2.916734413401845995e-03 -5.045711685099263540e-07
7.352196073204757543e-01 4.742607157185278477e-01 8.843989326926725292e-03 5.157317028368099340e-03 3.470445424434850067e-05 3.410295047433445012e-03 -2.960635928742982539e-06
